     0/249      1.1G   0.04488 0.0008175   0.00665   0.05235       112       128         0         0         0         0   0.05046 0.0005801  0.005835
     1/249     2.39G   0.04498  0.000701  0.006176   0.05186       104       128         0         0         0         0   0.05182 0.0005518  0.005431
     2/249     2.59G   0.04512 0.0006277  0.006139   0.05188        98       128         0         0         0         0   0.05039 0.0005107  0.005313
     3/249     2.59G   0.04586 0.0005985   0.00618   0.05263       102       128         0         0         0         0   0.05109 0.0004689  0.005303
     4/249     2.59G   0.04454 0.0005575  0.006034   0.05114       101       128         0         0         0         0   0.05108 0.0004316  0.005255
     5/249     2.59G   0.04385  0.000527  0.006131   0.05051        91       128         0         0         0         0   0.05022 0.0004051  0.005268
     6/249     2.59G   0.04397 0.0005153  0.005998   0.05048       123       128         0         0         0         0   0.05046 0.0003745  0.005266
     7/249     2.59G   0.04398 0.0004854  0.006086   0.05055       103       128         0         0         0         0   0.05028 0.0003492  0.005222
     8/249     2.59G   0.04391 0.0004719  0.005965   0.05034       102       128         0         0         0         0   0.05112 0.0003239  0.005192
     9/249     2.59G   0.04341 0.0004698  0.006123      0.05       118       128         0         0         0         0   0.05007 0.0003172  0.005253
    10/249     2.59G   0.04235 0.0004639  0.006056   0.04887       108       128         0         0         0         0   0.04941 0.0003358  0.005227
    11/249     2.59G   0.04146 0.0004519  0.006045   0.04796        89       128         0         0         0         0   0.04714 0.0003676   0.00523
    12/249     2.59G   0.04073 0.0004762  0.005904   0.04711       120       128 7.466e-05 0.0005703 1.116e-06 1.595e-07   0.04701 0.0003556  0.005423
    13/249     2.59G   0.04033 0.0004716  0.005996   0.04679       116       128   0.02941 0.0008554  0.001187  0.000457     0.046 0.0004079  0.005164
    14/249     2.59G   0.03898 0.0004872  0.005992   0.04546       121       128         0         0         0         0   0.05028  0.000276  0.005273
    15/249     2.59G   0.03904 0.0005042  0.006081   0.04563       133       128   0.00163  0.001141 1.707e-05 8.256e-06   0.04324 0.0004347  0.005309
    16/249     2.59G   0.03833 0.0005022  0.006049   0.04488       117       128 0.0002705  0.002566 2.572e-05 4.116e-06   0.04569 0.0003741  0.005299
    17/249     2.59G   0.03893 0.0004883  0.006001   0.04542        89       128  0.004294   0.01395 0.0002524 7.174e-05    0.0415 0.0004663  0.005388
    18/249     2.59G   0.03808 0.0004857  0.006161   0.04473       117       128  0.001135  0.004772 1.004e-05 2.992e-06   0.04812 0.0003106  0.005365
    19/249     2.59G   0.03732 0.0004999  0.006101   0.04392       101       128 7.795e-05  0.007129 5.097e-06 1.013e-06   0.04903 0.0003128  0.005239
    20/249     2.59G   0.03783 0.0004743   0.00599    0.0443        86       128 0.0007931   0.00998 5.849e-05 1.009e-05   0.04413 0.0003832  0.005247
    21/249     2.59G   0.03723 0.0004639  0.006042   0.04373       122       128 0.0001451  0.004847 1.786e-05 2.683e-06   0.04703 0.0003078  0.005218
    22/249     2.59G   0.03746 0.0004735  0.006064     0.044       112       128  0.001871   0.01829 0.0001042 3.103e-05   0.04413 0.0004132  0.005267
    23/249     2.59G   0.03718 0.0004593   0.00597   0.04361       123       128  0.001529   0.01409 5.893e-05 1.455e-05   0.04596 0.0003375   0.00533
    24/249     2.59G    0.0369 0.0004747  0.006039   0.04342       101       128  0.003133  0.008327 0.0004668 0.0001053    0.0449 0.0003516  0.005309
    25/249     2.59G   0.03615 0.0005006  0.006031   0.04268       117       128    0.3371   0.01141  0.001169 0.0001957   0.04134 0.0004446  0.005364
    26/249     2.59G   0.03561 0.0004827  0.006058   0.04215        77       128    0.3533  0.006197 0.0006496 0.0001453     0.045 0.0003455  0.005416
    27/249     2.59G   0.03627 0.0004642  0.006025   0.04276        91       128    0.3346   0.01255  0.001991 0.0005566   0.04331 0.0003968   0.00525
    28/249     2.59G   0.03589 0.0004831  0.005899   0.04227       121       128   0.01021  0.004277 0.0004715 8.472e-05   0.04518 0.0003632  0.005256
    29/249     2.59G   0.03551 0.0004656  0.006035   0.04201        83       128    0.3383  0.009334 0.0005843 0.0001269   0.04217 0.0003868   0.00541
    30/249     2.59G   0.03554 0.0004811  0.006072    0.0421       132       128    0.3543   0.02049  0.002092  0.000481   0.04082 0.0004466  0.005301
    31/249     2.59G    0.0351 0.0004735  0.006004   0.04157       130       128    0.3481  0.003359 0.0009103 0.0002247    0.0419 0.0003987  0.005327
    32/249     2.59G   0.03463 0.0004513  0.005948   0.04103        92       128   0.01045   0.03426  0.003066 0.0007203   0.04115 0.0004476  0.005253
    33/249     2.59G   0.03381 0.0004773  0.005973   0.04026        92       128    0.3421  0.004562 0.0006416 0.0001437   0.04146  0.000401  0.005245
    34/249     2.59G   0.03345 0.0004984    0.0059   0.03984        95       128   0.03937   0.02506  0.004229 0.0008844   0.04123 0.0004149  0.005324
    35/249     2.59G   0.03351 0.0004875  0.006022   0.04002        93       128    0.3483   0.01796  0.005179  0.001092   0.03869 0.0004797  0.005318
    36/249     2.59G   0.03224 0.0005012  0.005969   0.03871       124       128   0.01139   0.03324  0.003749 0.0009721   0.04013 0.0004407  0.005308
    37/249     2.59G   0.03342 0.0004823  0.005918   0.03982       103       128    0.3454   0.01055  0.002156 0.0004656   0.04025 0.0004201  0.005263
    38/249     2.59G   0.03273 0.0004961  0.005983   0.03921        85       128    0.3562   0.03639  0.005706  0.001323   0.03908 0.0004672  0.005334
    39/249     2.59G   0.03233 0.0004844  0.005969   0.03878        88       128    0.3715   0.03554   0.00727   0.00194   0.04042 0.0003926  0.005287
    40/249     2.59G   0.03345 0.0004614  0.005971   0.03988        91       128    0.6805   0.01283  0.003374    0.0011   0.04055 0.0004248   0.00538
    41/249     2.59G   0.03304 0.0004893   0.00595   0.03948        82       128    0.3596   0.02179  0.004678  0.001471   0.04093 0.0004135   0.00539
    42/249     2.59G   0.03239 0.0004835  0.005947   0.03882       129       128    0.3589   0.02791   0.00403 0.0008659   0.03941 0.0004555  0.005325
    43/249     2.59G   0.03264 0.0004503  0.005902   0.03899        94       128    0.3487   0.02413  0.002699 0.0004904   0.03962 0.0004224  0.005309
    44/249     2.59G   0.03231 0.0004877  0.005895    0.0387        88       128    0.3566   0.04337  0.008936  0.002293   0.03894 0.0004497  0.005397
    45/249     2.59G   0.03365 0.0004906   0.00607   0.04021       125       128    0.3475   0.03618  0.005144  0.001639   0.03909 0.0004314  0.005289
    46/249     2.59G   0.03205 0.0004875  0.005964    0.0385        95       128    0.3599   0.03755  0.008865  0.002418   0.03838 0.0004377  0.005349
    47/249     2.59G   0.03174 0.0005044  0.006051    0.0383       131       128    0.3543   0.03594  0.006302  0.001805   0.03888 0.0004435  0.005336
    48/249     2.59G   0.03211 0.0004909  0.005978   0.03858        98       128    0.3513   0.03633  0.004931  0.001053   0.03872  0.000446  0.005352
    49/249     2.59G   0.03137 0.0004779  0.006027   0.03787        87       128    0.3631   0.02291  0.005435  0.001723   0.03914  0.000423  0.005404
    50/249     2.59G   0.03191 0.0004838  0.006008    0.0384       100       128    0.3726   0.02609  0.004464  0.001305   0.03918 0.0004152  0.005343
    51/249     2.59G   0.03208 0.0004653  0.005914   0.03846        62       128    0.3632   0.02823  0.005851  0.001234   0.04067 0.0003955  0.005233
    52/249     2.59G   0.03142  0.000488  0.005964   0.03787        74       128    0.3574   0.02514  0.003862 0.0008844   0.04152  0.000383   0.00527
    53/249     2.59G   0.03124 0.0004925  0.005803   0.03753       128       128    0.3755    0.0354  0.007267  0.001553   0.03867 0.0004177  0.005373
    54/249     2.59G    0.0314 0.0004943  0.005964   0.03786       111       128    0.3637   0.03919  0.008092    0.0024   0.03969 0.0004339  0.005239
    55/249     2.59G   0.03074 0.0004753  0.005989   0.03721        95       128     0.371   0.04995   0.01057   0.00285    0.0388 0.0004337  0.005358
    56/249     2.59G   0.03103 0.0004887  0.005927   0.03745        93       128    0.3535   0.05073  0.006742  0.002155   0.03915 0.0004406  0.005257
    57/249     2.59G    0.0308  0.000504  0.006078   0.03738       120       128    0.3646   0.04558  0.007291  0.002001   0.03768 0.0004634  0.005296
    58/249     2.59G   0.03059 0.0004867  0.006051   0.03713        61       128    0.3873   0.03455  0.009811  0.002525   0.03816 0.0004392  0.005436
    59/249     2.59G   0.03082 0.0004678  0.005955   0.03724        98       128    0.3776   0.03831  0.008731  0.002354   0.03917 0.0004441  0.005317
    60/249     2.59G   0.03052 0.0005138  0.005985   0.03702       110       128    0.3681   0.04508  0.009044  0.002176   0.03944 0.0004523  0.005292
    61/249     2.59G   0.03015 0.0005074  0.005875   0.03653        93       128    0.3897   0.05609   0.01501  0.003912   0.03884  0.000426  0.005386
    62/249     2.59G   0.03015 0.0004915  0.005883   0.03652       100       128     0.369   0.04312  0.008863  0.002203    0.0381 0.0004302   0.00533
    63/249     2.59G   0.02994 0.0004873  0.005954   0.03639        91       128    0.3671   0.04733  0.008195  0.002297   0.03891 0.0004203   0.00529
    64/249     2.59G   0.03054 0.0004899  0.005984   0.03702        77       128    0.3746   0.03215  0.007605  0.002038   0.03864   0.00043  0.005272
    65/249     2.59G   0.02976 0.0004964  0.005885   0.03614       113       128    0.3756   0.03076  0.008435    0.0026   0.03944 0.0003965  0.005388
    66/249     2.59G   0.02951 0.0005046  0.005883    0.0359       124       128    0.3725   0.05314   0.01121  0.002815   0.03702  0.000449  0.005372
    67/249     2.59G   0.03135 0.0004678  0.006062   0.03788       110       128    0.3825   0.05174   0.01289  0.003329   0.03739  0.000427  0.005383
    68/249     2.59G   0.02916 0.0004982  0.006022   0.03569       116       128    0.3715   0.08477   0.01421  0.003525    0.0371  0.000469  0.005356
    69/249     2.59G   0.02935 0.0004761  0.005912   0.03574       109       128     0.367   0.06001   0.01131  0.003294   0.03842 0.0004326   0.00527
    70/249     2.59G   0.03051 0.0004625  0.005953   0.03693       145       128     0.364   0.06318   0.00938  0.002541   0.03735 0.0004568  0.005237
    71/249     2.59G   0.02974 0.0004912  0.006011   0.03624        99       128    0.3813   0.04716   0.01133  0.002868   0.03884 0.0004229   0.00536
    72/249     2.59G   0.02914  0.000483  0.005931   0.03555        74       128      0.38   0.05889   0.01182  0.003605   0.03749 0.0004421  0.005435
    73/249     2.59G   0.02994 0.0004968  0.005975   0.03641        65       128    0.3831   0.04805   0.01191  0.003232    0.0376 0.0004332  0.005428
    74/249     2.59G   0.02902 0.0005006   0.00598    0.0355        86       128    0.3809   0.05008   0.01195  0.002866    0.0378 0.0004404  0.005286
    75/249     2.59G   0.02914 0.0004937  0.005867    0.0355       114       128    0.3913   0.05573   0.01521  0.003752   0.03648 0.0004403  0.005394
    76/249     2.59G   0.02924 0.0004662  0.005922   0.03563        94       128    0.3955   0.04527   0.01291   0.00362   0.03686 0.0004364  0.005474
    77/249     2.59G   0.02956  0.000472  0.005951   0.03598       111       128    0.3844   0.07228   0.01527  0.003698   0.03608 0.0004409  0.005404
    78/249     2.59G   0.02925 0.0004896  0.005837   0.03557        91       128    0.3642   0.08008   0.01198  0.003111   0.03762 0.0004536  0.005148
    79/249     2.59G   0.02916 0.0004989  0.005797   0.03545       133       128    0.3871   0.06096   0.01716  0.004674   0.03796 0.0004296  0.005176
    80/249     2.59G   0.02872 0.0004536  0.005898   0.03508       102       128    0.3922    0.0492    0.0124  0.002991   0.03715 0.0004206  0.005188
    81/249     2.59G    0.0298 0.0004837  0.005823   0.03611        96       128    0.3857   0.06014   0.01527  0.004237    0.0383 0.0004461  0.005387
    82/249     2.59G   0.02891 0.0004718  0.005814    0.0352        72       128    0.3966   0.07706   0.01724  0.004453   0.03584  0.000439  0.005367
    83/249     2.59G   0.02934 0.0004846  0.005808   0.03563        65       128    0.3822   0.05931   0.01233  0.002995   0.03935 0.0004332  0.005146
    84/249     2.59G   0.02879 0.0004787  0.005769   0.03503        95       128    0.3773   0.04769   0.01258  0.003718   0.03641 0.0004458  0.005495
    85/249     2.59G    0.0295 0.0004536  0.005731   0.03568        61       128    0.3928   0.05461    0.0163  0.004749   0.03666 0.0004416  0.005701
    86/249     2.59G   0.02898 0.0004683  0.005771   0.03522        76       128    0.3933   0.07418   0.01974  0.005204   0.03668 0.0004386  0.005302
    87/249     2.59G   0.02885 0.0004812  0.005756   0.03508        80       128    0.4013   0.06433   0.01783  0.004871   0.03635 0.0004523  0.005267
    88/249     2.59G   0.02889 0.0004733  0.005661   0.03502        90       128    0.3864   0.06671   0.01614  0.004452   0.03696 0.0004312  0.005094
    89/249     2.59G   0.02915  0.000463  0.005855   0.03547       111       128    0.3997   0.06933   0.01847  0.004614   0.03632 0.0004443  0.005189
    90/249     2.59G   0.02886  0.000462  0.005744   0.03506       101       128    0.4061   0.05889    0.0181  0.005113   0.03719 0.0004425  0.005265
    91/249     2.59G   0.02858 0.0005089  0.005707    0.0348        89       128    0.3974   0.06391   0.01881  0.005495    0.0368 0.0004356  0.005306
    92/249     2.59G   0.02798 0.0004779  0.005782   0.03424       114       128    0.3996   0.06568   0.01729  0.005151   0.03635 0.0004235  0.005299
    93/249     2.59G   0.02814  0.000455   0.00579   0.03438        82       128    0.3937    0.0649   0.01553  0.004246   0.03723  0.000413  0.005246
    94/249     2.59G   0.02832 0.0004753  0.005639   0.03443       117       128    0.4005   0.08768   0.02044   0.00513   0.03533 0.0004466  0.005209
    95/249     2.59G   0.02939 0.0004688  0.005794   0.03566        90       128    0.4124   0.05856   0.01785   0.00485   0.03662 0.0004373  0.005117
    96/249     2.59G   0.02823 0.0004877  0.005777    0.0345       118       128    0.4139   0.06301   0.01892  0.005512   0.03658  0.000438  0.005154
    97/249     2.59G   0.02782 0.0004915  0.005621   0.03394        99       128    0.4096   0.06364   0.02063  0.005459   0.03522 0.0004426  0.005227
    98/249     2.59G   0.02795 0.0004674  0.005741   0.03416       139       128    0.4152   0.05626   0.01804  0.005142   0.03658  0.000428  0.005179
    99/249     2.59G    0.0285 0.0004676    0.0057   0.03467       134       128    0.3921   0.07319   0.01752  0.005092   0.03614 0.0004375  0.005128
   100/249     2.59G   0.02843 0.0004821  0.005721   0.03463       125       128    0.4032   0.07418   0.01944  0.005268   0.03628 0.0004373   0.00517
   101/249     2.59G   0.02875 0.0004395  0.005714   0.03491       107       128    0.3928   0.06064   0.01565  0.004753   0.03665 0.0004475   0.00534
   102/249     2.59G   0.02785 0.0004485  0.005672   0.03397       109       128    0.4159   0.08464   0.02817   0.00769    0.0365 0.0004165  0.005129
   103/249     2.59G    0.0283  0.000475   0.00562    0.0344       116       128    0.4156   0.06389   0.02152  0.006119   0.03691 0.0004036  0.005172
   104/249     2.59G   0.02803 0.0004691  0.005641   0.03414       118       128    0.4117   0.06787   0.02325  0.006608   0.03658 0.0004131  0.005355
   105/249     2.59G   0.02843 0.0004588  0.005639   0.03453        89       128    0.4152   0.07168   0.02209  0.006214   0.03758 0.0004137  0.005133
   106/249     2.59G   0.02799 0.0004739  0.005666   0.03413       101       128    0.4272   0.08234   0.03004  0.008496    0.0358  0.000433  0.005334
   107/249     2.59G   0.02904 0.0004611  0.005777   0.03527        86       128     0.401   0.08906   0.02519   0.00698   0.03564 0.0004235   0.00519
   108/249     2.59G   0.02744 0.0004868  0.005606   0.03354       106       128    0.4015   0.07378   0.02043  0.005684   0.03633 0.0004137  0.005139
   109/249     2.59G   0.02794 0.0004375   0.00555   0.03392        86       128    0.4132   0.06412   0.02164  0.006137   0.03602 0.0004185  0.005436
   110/249     2.59G   0.02899 0.0004617  0.005737   0.03519        91       128    0.4123    0.0925   0.02931  0.008716   0.03694 0.0003978  0.005321
   111/249     2.59G   0.02847 0.0004486  0.005672   0.03459       108       128    0.4097   0.06939   0.01978   0.00548    0.0376 0.0004046  0.005366
   112/249     2.59G   0.02811  0.000448   0.00545   0.03401       103       128    0.4025   0.08135   0.02281  0.006379   0.03634 0.0004015  0.005294
   113/249     2.59G   0.02867 0.0004482  0.005732   0.03485       123       128    0.4005   0.08538   0.01895  0.005394   0.03627 0.0004162  0.005481
   114/249     2.59G   0.02789 0.0004467  0.005659     0.034       116       128    0.4137   0.06954   0.02217  0.006365   0.03575 0.0004126  0.005272
   115/249     2.59G   0.02721 0.0004549  0.005687   0.03335       102       128    0.4066   0.07616   0.02241  0.006444   0.03649 0.0004062  0.005368
   116/249     2.59G   0.02752 0.0004528  0.005628    0.0336        92       128     0.409   0.08755   0.02477  0.006529   0.03711 0.0004087  0.005227
   117/249     2.59G   0.02751 0.0004603  0.005656   0.03363        98       128    0.4198   0.07445   0.02373  0.006164   0.03553 0.0004143  0.005565
   118/249     2.59G   0.02878 0.0004683  0.005541   0.03479        85       128    0.4389   0.07876   0.03076  0.008491   0.03488 0.0004352  0.005274
   119/249     2.59G   0.02682 0.0004792  0.005547   0.03285        92       128    0.4231   0.08918   0.03095  0.009013   0.03435 0.0004268  0.005102
   120/249     2.59G   0.02729 0.0004523  0.005527   0.03327       104       128    0.4148    0.0978   0.03043  0.008948    0.0344 0.0004147  0.005264
   121/249     2.59G   0.02764 0.0004477  0.005552   0.03364        79       128    0.4325   0.07652   0.03062  0.008963   0.03476 0.0004123  0.005277
   122/249     2.59G   0.02711 0.0004814  0.005515   0.03311        90       128    0.4103   0.09877   0.02815  0.007951   0.03533 0.0004093  0.005075
   123/249     2.59G   0.02707 0.0004628  0.005455   0.03299        68       128    0.1115   0.09966   0.03161  0.009754   0.03442 0.0004162  0.005503
   124/249     2.59G   0.02706 0.0004457  0.005396   0.03291        78       128    0.4166   0.08817   0.02691  0.007775   0.03514 0.0004114  0.005381
   125/249     2.59G   0.02867 0.0004484  0.005844   0.03497       134       128    0.4068   0.07429   0.02068  0.005696    0.0363 0.0003926  0.005451
   126/249     2.59G   0.02686 0.0004825  0.005565   0.03291        95       128      0.41    0.0861   0.02645  0.006444   0.03582 0.0003985  0.005301
   127/249     2.59G   0.02632  0.000494  0.005461   0.03228        94       128    0.1418    0.1022   0.02976  0.008441   0.03569 0.0003959  0.005347
   128/249     2.59G   0.02632 0.0004758  0.005427   0.03222       105       128    0.4424   0.08373   0.03205  0.009453   0.03611 0.0004008  0.005615
   129/249     2.59G   0.02748  0.000443  0.005398   0.03332        76       128    0.4417     0.102   0.03706   0.01044   0.03623  0.000403  0.005553
   130/249     2.59G    0.0265 0.0004585  0.005421   0.03238        94       128    0.4509    0.0966   0.03598   0.01058   0.03618 0.0003965  0.005492
   131/249     2.59G   0.02721  0.000436  0.005443   0.03309       130       128    0.1439     0.114   0.03709   0.01098   0.03486 0.0003967  0.005445
   132/249     2.59G   0.02684 0.0004483  0.005559   0.03284        94       128    0.4379   0.09175   0.03338  0.009901   0.03527 0.0003957  0.005755
   133/249     2.59G    0.0268 0.0004436  0.005423   0.03266        91       128    0.4341   0.07608   0.03054  0.009872   0.03553 0.0004001  0.005418
   134/249     2.59G    0.0263 0.0004462  0.005336   0.03208       110       128    0.4537   0.09021   0.03462   0.01029   0.03478 0.0004073  0.005326
   135/249     2.59G   0.02677  0.000474  0.005621   0.03287       146       128     0.125    0.1242   0.03468   0.01031   0.03457 0.0004079  0.005402
   136/249     2.59G   0.02641 0.0004297  0.005479   0.03232        86       128    0.1101    0.1322    0.0358   0.01035   0.03403 0.0004112  0.005327
   137/249     2.59G   0.02674 0.0004642  0.005433   0.03264       113       128   0.09978     0.104   0.03415  0.009807   0.03546 0.0004064  0.005309
   138/249     2.59G   0.02677 0.0004609  0.005382   0.03261       120       128    0.4377   0.09654   0.03744   0.01082   0.03456  0.000403  0.005251
   139/249     2.59G   0.02639 0.0004434  0.005355   0.03219       112       128    0.4458   0.08253   0.03363   0.01005   0.03428 0.0004075  0.005556
   140/249     2.59G   0.02682 0.0004478  0.005474   0.03275        85       128    0.4584   0.07564   0.03397   0.00983   0.03437 0.0004009  0.005426
   141/249     2.59G   0.02679 0.0004438  0.005441   0.03267       113       128    0.1086     0.101   0.03589   0.01077   0.03422 0.0004117  0.005499
   142/249     2.59G   0.02572 0.0004474  0.005382   0.03155       112       128   0.08741    0.1251   0.03445   0.01052   0.03407 0.0004148  0.005561
   143/249     2.59G   0.02603 0.0004644  0.005389   0.03188        66       128    0.0783     0.122   0.03249   0.00974   0.03415  0.000411  0.005833
   144/249     2.59G   0.02621 0.0004266  0.005425   0.03206        80       128    0.1066    0.1171   0.03529   0.01105   0.03447 0.0003938  0.005495
   145/249     2.59G   0.02612 0.0004364  0.005511   0.03206        99       128    0.1125    0.1243   0.03821   0.01131   0.03413 0.0003967  0.005512
   146/249     2.59G   0.02609 0.0004469  0.005348   0.03188        88       128    0.1526    0.1117   0.03902   0.01139   0.03362 0.0004088  0.005527
   147/249     2.59G   0.02657  0.000438  0.005349   0.03236        92       128    0.1946    0.1047   0.03746   0.01079   0.03381 0.0004111  0.005351
   148/249     2.59G   0.02604 0.0004449  0.005353   0.03184       103       128    0.2185    0.1174   0.04492   0.01289   0.03368 0.0004073   0.00544
   149/249     2.59G   0.02638 0.0004525  0.005403   0.03223        82       128    0.2032    0.1096   0.04449   0.01499   0.03366 0.0004029  0.005497
   150/249     2.59G    0.0256 0.0004427  0.005402   0.03144       102       128    0.4046    0.1038   0.04229   0.01412   0.03406 0.0004068  0.005362
   151/249     2.59G    0.0258 0.0004596  0.005401   0.03167       128       128    0.4714   0.08574   0.04069   0.01311   0.03463 0.0003991  0.005313
   152/249     2.59G   0.02585 0.0004506  0.005377   0.03168       110       128      0.17    0.1145   0.04468    0.0143   0.03389 0.0004054  0.005321
   153/249     2.59G   0.02644 0.0004467  0.005384   0.03227        88       128    0.1231    0.1319   0.04539   0.01411   0.03416 0.0003992  0.005287
   154/249     2.59G     0.026 0.0004505  0.005439   0.03189        74       128    0.1303    0.1227   0.04398   0.01319   0.03379  0.000398  0.005421
   155/249     2.59G   0.02593 0.0004359  0.005511   0.03188       135       128    0.1541    0.1122   0.04558   0.01375   0.03345 0.0004014  0.005326
   156/249     2.59G   0.02624   0.00043  0.005389   0.03206       107       128    0.1332    0.1252   0.04688    0.0146   0.03408 0.0003953  0.005357
   157/249     2.59G   0.02583 0.0004564  0.005372   0.03166       107       128    0.1762    0.1115   0.04982    0.0162   0.03384 0.0003978  0.005259
   158/249     2.59G   0.02525 0.0004409  0.005384   0.03107       131       128    0.1324    0.1166   0.04597   0.01387    0.0336  0.000396  0.005437
   159/249     2.59G   0.02534 0.0004549  0.005306    0.0311       113       128    0.1258    0.1184   0.04237   0.01306   0.03392 0.0003954  0.005446
   160/249     2.59G   0.02627 0.0004428   0.00533   0.03204       105       128    0.1315     0.114   0.04186    0.0129   0.03371 0.0004027  0.005318
   161/249     2.59G   0.02579  0.000437  0.005278   0.03151       109       128    0.1471    0.1277   0.04502   0.01448   0.03362 0.0004021  0.005396
   162/249     2.59G   0.02584 0.0004536  0.005282   0.03158        88       128    0.1497    0.1181   0.04132   0.01328   0.03349 0.0004035  0.005538
   163/249     2.59G    0.0258 0.0004441  0.005326   0.03157       130       128    0.1554    0.1069   0.04111   0.01298   0.03404 0.0004015  0.005573
   164/249     2.59G   0.02551  0.000424  0.005415   0.03134       131       128     0.164    0.1059   0.04284   0.01392   0.03456 0.0003981  0.005574
   165/249     2.59G   0.02597 0.0004445  0.005217   0.03163        84       128    0.1567    0.1123   0.04586   0.01456   0.03426  0.000397  0.005584
   166/249     2.59G   0.02498 0.0004485  0.005229   0.03065       105       128    0.1659    0.1186   0.04842   0.01555   0.03408 0.0003977  0.005594
   167/249     2.59G   0.02536  0.000439  0.005184   0.03099       106       128    0.1665    0.1217    0.0485   0.01486    0.0335 0.0003984  0.005578
   168/249     2.59G   0.02516 0.0004347  0.005213   0.03081        84       128    0.1762    0.1056   0.04511    0.0138   0.03368 0.0003947   0.00552
   169/249     2.59G   0.02561 0.0004601  0.005316   0.03139       122       128     0.142    0.1387   0.04732     0.014   0.03307 0.0004024  0.005583
   170/249     2.59G   0.02679 0.0004709  0.005301   0.03257        91       128    0.1718    0.1179   0.04928   0.01466   0.03326 0.0003988  0.005647
   171/249     2.59G     0.025 0.0004345  0.005214   0.03064       100       128    0.1574    0.1112   0.04426   0.01325   0.03359 0.0004002  0.005598
   172/249     2.59G   0.02587 0.0004501  0.005192   0.03152       122       128    0.1744    0.1062   0.04476   0.01333   0.03326 0.0003907  0.005515
   173/249     2.59G    0.0255  0.000454  0.005232   0.03119       112       128    0.2011   0.09346   0.04356   0.01339   0.03333 0.0003918  0.005513
   174/249     2.59G   0.02594 0.0004679  0.005438   0.03184        90       128     0.168    0.1054   0.04732   0.01499   0.03332 0.0003874  0.005468
   175/249     2.59G   0.02515 0.0004464  0.005155   0.03075        92       128    0.1553    0.1044   0.04736   0.01541   0.03342 0.0003937  0.005529
   176/249     2.59G   0.02531 0.0004671  0.005174   0.03095       122       128     0.132    0.1217   0.04653   0.01458   0.03379 0.0003908  0.005575
   177/249     2.59G   0.02578 0.0004573  0.005054   0.03129       108       128    0.1871    0.1068   0.04938   0.01547   0.03354 0.0003889  0.005504
   178/249     2.59G   0.02579  0.000423  0.005344   0.03156        76       128    0.1606    0.1031   0.04688   0.01478   0.03345 0.0003864  0.005482
   179/249     2.59G   0.02583 0.0004191  0.005203   0.03145       113       128    0.1486    0.1032    0.0448   0.01448   0.03393 0.0003814  0.005497
   180/249     2.59G   0.02517 0.0004597  0.005186   0.03081       100       128    0.1767    0.1058   0.04817   0.01506   0.03402 0.0003817  0.005511
   181/249     2.59G   0.02543 0.0004302  0.005183   0.03104       104       128    0.1383    0.1304   0.05202   0.01625   0.03388 0.0003804  0.005656
   182/249     2.59G   0.02548 0.0004164  0.005191   0.03108       106       128    0.1719    0.1306   0.05626   0.01754   0.03363 0.0003788  0.005567
   183/249     2.59G   0.02457 0.0004515  0.005148   0.03017       112       128    0.1842    0.1294   0.05587   0.01709   0.03329 0.0003796  0.005485
   184/249     2.59G   0.02521 0.0004395  0.005242   0.03089       136       128    0.1748    0.1314   0.05593    0.0182   0.03315 0.0003821  0.005487
   185/249     2.59G   0.02593 0.0004361   0.00514    0.0315        89       128    0.1821    0.1282   0.05739   0.01804   0.03318 0.0003804  0.005541
   186/249     2.59G   0.02518 0.0004248  0.005115   0.03072        99       128    0.1455    0.1489   0.05859   0.01898   0.03293 0.0003855  0.005608
   187/249     2.59G   0.02497 0.0004387  0.005045   0.03045        95       128    0.1376    0.1345   0.05179   0.01676   0.03284 0.0003883  0.005778
   188/249     2.59G   0.02516 0.0004465  0.005192   0.03079        75       128    0.1411    0.1354   0.05316   0.01709   0.03276 0.0003914  0.005718
   189/249     2.59G   0.02553 0.0004362  0.005192   0.03116       102       128    0.1955    0.1245   0.05407   0.01728   0.03286 0.0003902  0.005683
   190/249     2.59G   0.02467 0.0004501  0.005089   0.03021       123       128    0.1808    0.1197   0.05197   0.01681   0.03325 0.0003862  0.005689
   191/249     2.59G   0.02463 0.0004268  0.005072   0.03012        95       128    0.1964      0.12   0.05391    0.0178   0.03331 0.0003865  0.005668
   192/249     2.59G   0.02469 0.0004626  0.004967   0.03012        72       128    0.2154    0.1222   0.05721   0.01871    0.0333 0.0003872  0.005626
   193/249     2.59G   0.02498 0.0004139  0.005111    0.0305       144       128     0.241    0.1117   0.05613   0.01886   0.03294 0.0003885  0.005677
   194/249     2.59G   0.02513 0.0004245  0.005011   0.03057        61       128    0.1952    0.1171   0.05785   0.01955    0.0326 0.0003895  0.005639
   195/249     2.59G   0.02439 0.0004453   0.00514   0.02997       120       128    0.1713    0.1183   0.05749   0.01942   0.03266 0.0003863  0.005668
   196/249     2.59G   0.02499  0.000437  0.005023   0.03045       132       128    0.1532    0.1213   0.05422   0.01826   0.03273 0.0003849  0.005709
   197/249     2.59G   0.02451 0.0004298  0.005152   0.03009       110       128    0.2091    0.1007    0.0519   0.01754   0.03275 0.0003874  0.005797
   198/249     2.59G   0.02494 0.0004426  0.005096   0.03048       102       128    0.1899    0.1111   0.05455   0.01813   0.03286  0.000383  0.005833
   199/249     2.59G    0.0245 0.0004153  0.005157   0.03008       103       128    0.2043    0.1161   0.05823   0.01934   0.03291 0.0003819  0.005804
   200/249     2.59G   0.02503 0.0004283  0.005138   0.03059       106       128    0.2063    0.1238   0.06135   0.01976   0.03274 0.0003883  0.005772
   201/249     2.59G   0.02449 0.0004309  0.005075   0.02999       106       128    0.2124    0.1256   0.06203   0.01981    0.0328 0.0003878  0.005721
   202/249     2.59G   0.02484 0.0004257  0.005052   0.03032       134       128    0.1852    0.1312    0.0609   0.01946   0.03287 0.0003828  0.005669
   203/249     2.59G   0.02462 0.0004469  0.005089   0.03015       117       128    0.1586    0.1341   0.05787   0.01908   0.03286 0.0003818  0.005743
   204/249     2.59G   0.02457 0.0004449  0.004947   0.02996        76       128    0.2248    0.1131   0.05798   0.01843   0.03282 0.0003818  0.005828
   205/249     2.59G   0.02431 0.0004397  0.004976   0.02973       158       128    0.2319    0.1122   0.05695   0.01811   0.03269 0.0003826  0.005901
   206/249     2.59G   0.02474 0.0004359  0.005042   0.03022       123       128    0.2322    0.1182   0.05911   0.01878   0.03257 0.0003812  0.005859
   207/249     2.59G   0.02411 0.0004519  0.005005   0.02957       107       128    0.2498    0.1194   0.06053   0.01932   0.03253 0.0003832  0.005846
   208/249     2.59G   0.02479 0.0004422  0.005169    0.0304       102       128    0.2473    0.1199   0.06095   0.01913   0.03224 0.0003845  0.005823
   209/249     2.59G   0.02378 0.0004622   0.00487   0.02912       112       128    0.2496     0.121   0.06256   0.01968   0.03231 0.0003849  0.005777
   210/249     2.59G   0.02384 0.0004521  0.004884   0.02917        89       128    0.2049    0.1251   0.06148   0.01916   0.03235 0.0003865    0.0058
   211/249     2.59G   0.02416   0.00046  0.005004   0.02963       120       128    0.2058    0.1241   0.06139   0.01921    0.0325 0.0003869   0.00578
   212/249     2.59G   0.02465 0.0004329  0.004951   0.03004       144       128    0.2258    0.1222    0.0618   0.01946   0.03258 0.0003839  0.005776
   213/249     2.59G   0.02434 0.0004612  0.004927   0.02973        91       128    0.2325    0.1206   0.06128   0.01949    0.0326 0.0003827  0.005734
   214/249     2.59G   0.02461 0.0004447  0.004842   0.02989       115       128    0.2119    0.1285   0.06221   0.01973   0.03248 0.0003815   0.00571
   215/249     2.59G   0.02407 0.0004518  0.004895   0.02942       135       128    0.2235    0.1226   0.06203   0.02009   0.03246 0.0003833  0.005727
   216/249     2.59G   0.02517  0.000438  0.005047   0.03065        81       128    0.2161    0.1226   0.06253   0.02003    0.0324 0.0003875  0.005748
   217/249     2.59G   0.02359 0.0004497  0.004915   0.02895        59       128    0.1861    0.1351   0.06249   0.02009   0.03246 0.0003897  0.005756
   218/249     2.59G    0.0253 0.0004595  0.005106   0.03087        88       128    0.2374    0.1197   0.06223    0.0198   0.03249 0.0003909  0.005746
   219/249     2.59G   0.02421 0.0004432  0.004806   0.02946        74       128    0.2134    0.1216   0.06138   0.01948   0.03248 0.0003917  0.005723
   220/249     2.59G   0.02363 0.0004465  0.005017   0.02909       113       128    0.1851    0.1327    0.0614   0.01965   0.03241 0.0003902  0.005695
   221/249     2.59G   0.02404 0.0004703  0.005027   0.02954       103       128       0.2    0.1286   0.06073   0.01988   0.03246 0.0003878  0.005635
   222/249     2.59G   0.02402 0.0004298  0.005107   0.02955       128       128    0.1866    0.1291   0.06102   0.01964   0.03241 0.0003857  0.005601
   223/249     2.59G   0.02395  0.000438  0.004896   0.02928       100       128    0.1849    0.1326   0.06297   0.02016   0.03236 0.0003853  0.005589
   224/249     2.59G   0.02448 0.0004265  0.004837   0.02974        97       128    0.2001    0.1287   0.06305   0.02023   0.03239 0.0003846  0.005596
   225/249     2.59G     0.024 0.0004318  0.004878   0.02931        94       128    0.1966    0.1256   0.06062   0.01985   0.03249 0.0003853  0.005625
   226/249     2.59G   0.02497 0.0004216  0.005051   0.03044        84       128     0.197    0.1275   0.06158   0.01996    0.0325 0.0003847  0.005642
   227/249     2.59G   0.02399 0.0004238  0.004932   0.02935       107       128     0.197    0.1273   0.06067   0.01977   0.03245 0.0003847  0.005644
   228/249     2.59G   0.02401 0.0004433  0.004846    0.0293       119       128    0.2136    0.1245   0.06202    0.0202   0.03241 0.0003861  0.005588
   229/249     2.59G   0.02389  0.000466  0.004827   0.02919       112       128    0.2143    0.1275   0.06402   0.02073   0.03229 0.0003875  0.005579
   230/249     2.59G   0.02416 0.0004446  0.004809   0.02941        61       128    0.1704    0.1462   0.06449   0.02131    0.0322 0.0003902  0.005626
   231/249     2.59G   0.02397 0.0004432  0.004897   0.02931       109       128    0.1735     0.142   0.06459    0.0213   0.03223 0.0003885  0.005646
   232/249     2.59G   0.02407 0.0004646  0.004873   0.02941       114       128    0.1662    0.1493   0.06514   0.02142   0.03223 0.0003878  0.005644
   233/249     2.59G    0.0243 0.0004423  0.004968   0.02971       126       128     0.173    0.1495   0.06573   0.02173   0.03226 0.0003895   0.00566
   234/249     2.59G   0.02392 0.0004657  0.004882   0.02927       106       128    0.1734    0.1462   0.06545   0.02182    0.0323 0.0003883  0.005687
   235/249     2.59G   0.02436 0.0004141  0.004963   0.02973       104       128    0.1945    0.1403   0.06675   0.02188   0.03231 0.0003893  0.005666
   236/249     2.59G   0.02406 0.0004487  0.004907   0.02942       101       128    0.2111    0.1331     0.067    0.0216   0.03229 0.0003887  0.005635
   237/249     2.59G   0.02399 0.0004414  0.004812   0.02925        95       128    0.2135      0.13   0.06669   0.02155    0.0323  0.000388  0.005636
   238/249     2.59G   0.02377  0.000424  0.004859   0.02906        94       128     0.203    0.1305   0.06658   0.02159   0.03225 0.0003876  0.005633
   239/249     2.59G   0.02358 0.0004346  0.004677   0.02869       110       128    0.1881    0.1393   0.06695   0.02193   0.03221 0.0003878  0.005686
   240/249     2.59G   0.02351 0.0004399  0.004717   0.02867        76       128    0.1865    0.1386   0.06669   0.02203   0.03219 0.0003877  0.005701
   241/249     2.59G   0.02408 0.0004161  0.004821   0.02932       112       128    0.1808    0.1385    0.0662   0.02178   0.03229 0.0003878  0.005705
   242/249     2.59G   0.02404 0.0004302  0.004819   0.02929       117       128    0.1742    0.1409   0.06584    0.0219   0.03236 0.0003865  0.005709
   243/249     2.59G   0.02487 0.0004332  0.004851   0.03015        98       128    0.2067    0.1285   0.06579   0.02139   0.03241 0.0003843  0.005691
   244/249     2.59G    0.0239 0.0004321  0.004862   0.02919        98       128    0.1672    0.1465   0.06528   0.02125   0.03241 0.0003818  0.005692
   245/249     2.59G   0.02479 0.0004529  0.004852   0.03009       103       128    0.1604    0.1517   0.06536   0.02111    0.0324  0.000381  0.005706
   246/249     2.59G   0.02357 0.0004574  0.004726   0.02876       131       128    0.1744    0.1433   0.06493   0.02079   0.03234 0.0003817  0.005712
   247/249     2.59G   0.02391  0.000441  0.004709   0.02906       109       128    0.1515    0.1588   0.06462   0.02116   0.03226  0.000382   0.00572
   248/249     2.59G   0.02391 0.0004443  0.004798   0.02915        94       128    0.1885    0.1344   0.06481   0.02144   0.03215 0.0003822   0.00573
   249/249     2.59G   0.02411  0.000431   0.00476    0.0293       110       128    0.1553     0.153   0.06469   0.02117   0.03208 0.0003842  0.005735
