     0/249     1.51G   0.04526 0.0007872  0.006769   0.05281        12       128         0         0         0         0   0.05113 0.0005864  0.005623
     1/249     2.21G   0.04472 0.0006952  0.006039   0.05146        18       128         0         0         0         0   0.05087 0.0005491  0.005309
     2/249     2.21G   0.04507 0.0006432  0.006077   0.05179        15       128         0         0         0         0   0.05038 0.0005126  0.005354
     3/249     2.21G   0.04509  0.000584  0.006004   0.05168         6       128         0         0         0         0   0.05038 0.0004654  0.005273
     4/249     2.21G   0.04456 0.0005454  0.006051   0.05115        20       128         0         0         0         0   0.05095 0.0004166  0.005264
     5/249      2.5G    0.0444 0.0005166  0.005933   0.05085         5       128         0         0         0         0   0.05058 0.0003831  0.005227
     6/249      2.5G   0.04411 0.0004919  0.005981   0.05059         4       128         0         0         0         0   0.04981 0.0003495  0.005244
     7/249      2.5G   0.04373 0.0004521  0.005972   0.05015        12       128         0         0         0         0   0.05051 0.0003173  0.005227
     8/249      2.5G   0.04406 0.0004183  0.006017    0.0505        16       128         0         0         0         0   0.04998 0.0002942  0.005239
     9/249      2.5G   0.04309 0.0004227  0.005857   0.04937         7       128         0         0         0         0   0.05037 0.0001951   0.01522
    10/249      2.5G   0.04321 0.0003891  0.006142   0.04974         2       128         0         0         0         0   0.04731 0.0003374  0.005234
    11/249      2.5G   0.04126 0.0004314  0.006048   0.04774        11       128         0         0         0         0   0.04971 0.0002731  0.005309
    12/249      2.5G   0.04059 0.0004163  0.005909   0.04691         2       128         0         0         0         0    0.0506 0.0002677  0.005418
    13/249      2.5G   0.04054  0.000429  0.006072   0.04704         7       128         0         0         0         0   0.04381 0.0004017  0.005307
    14/249      2.5G   0.03977 0.0004488  0.006014   0.04624         1       128         0         0         0         0   0.04188 0.0004644  0.005286
    15/249      2.5G   0.04034 0.0004355  0.006003   0.04678        10       128  0.004938 0.0005703 8.421e-05 2.463e-05   0.04269 0.0004423  0.005345
    16/249      2.5G   0.04035 0.0004757  0.006048   0.04687        20       128 0.0007502 0.0008554 2.881e-05 6.405e-06   0.04432 0.0003962   0.00536
    17/249      2.5G   0.04027 0.0004445  0.006114   0.04683         8       128 0.0006998  0.002851 1.032e-05  2.16e-06   0.04627 0.0003114  0.007197
    18/249      2.5G   0.03994 0.0004317  0.006047   0.04642        16       128  0.001014  0.008269 0.0009041  0.000119   0.04126 0.0004678  0.005469
    19/249      2.5G    0.0394 0.0004489   0.00608   0.04593         3       128 0.0007976   0.01084  0.001826  0.000197   0.04233 0.0004339  0.005364
    20/249      2.5G   0.03893 0.0004535  0.006062   0.04545         7       128 0.0005416   0.01084 6.804e-05 1.143e-05   0.04458   0.00037  0.005283
    21/249      2.5G   0.03953 0.0004237   0.00605     0.046        11       128 0.0006082   0.01027  0.000169 5.203e-05   0.04146 0.0004492  0.005545
    22/249      2.5G   0.03831 0.0004611  0.006005   0.04477        16       128 0.0005937   0.01711 0.0003997 8.944e-05    0.0431 0.0004176  0.005334
    23/249      2.5G    0.0374 0.0004649  0.006064   0.04393        13       128  0.009372   0.01732  0.001172 0.0002718   0.04204 0.0004487  0.005491
    24/249      2.5G   0.03755 0.0004744  0.006049   0.04408        20       128  0.006113   0.03603  0.001851 0.0005791   0.03888 0.0005082   0.00548
    25/249      2.5G   0.03821 0.0004781  0.006079   0.04476        14       128  0.001812   0.03343  0.002043 0.0004505   0.04166 0.0004395    0.0054
    26/249      2.5G   0.03771 0.0004591  0.006091   0.04426        18       128  0.002621   0.04742  0.001342 0.0002927   0.03923  0.000514  0.005586
    27/249      2.5G   0.03687 0.0004699  0.006002   0.04334         7       128  0.004024   0.03487   0.00231 0.0005269   0.04131 0.0004536  0.005493
    28/249      2.5G   0.03648  0.000464  0.006045   0.04299         4       128    0.3389  0.007414  0.002282  0.001272   0.04302 0.0003942  0.005395
    29/249      2.5G   0.03632 0.0004969  0.006115   0.04293         6       128    0.3421   0.01084  0.002236 0.0004689   0.03947 0.0004918  0.005606
    30/249      2.5G   0.03601 0.0004624  0.005984   0.04246         8       128    0.3517   0.01753  0.001871 0.0004172   0.03906   0.00049  0.005489
    31/249      2.5G   0.03664 0.0004592  0.006001    0.0431         9       128    0.3703   0.01424   0.00198 0.0005089   0.04029 0.0004813  0.005634
    32/249      2.5G   0.03548 0.0004841  0.006009   0.04197         8       128   0.02766     0.023   0.00278 0.0005816   0.03912 0.0004787   0.00548
    33/249      2.5G   0.03465 0.0004828   0.00599   0.04113        10       128    0.3503   0.04623  0.003946 0.0008712   0.03962 0.0004727  0.005582
    34/249      2.5G   0.03501 0.0004964  0.005926   0.04143         9       128    0.4346   0.01759  0.004822  0.001225   0.03789 0.0004954   0.00553
    35/249      2.5G   0.03537 0.0004753  0.006088   0.04193         7       128    0.3428   0.04891  0.002583 0.0005518   0.04081 0.0004662  0.005632
    36/249      2.5G   0.03461 0.0004623  0.005987   0.04106         8       128    0.3462   0.03584  0.003013  0.001152   0.03931 0.0004588  0.005611
    37/249      2.5G   0.03491 0.0004892  0.005984   0.04138        18       128    0.3531   0.02917  0.002669 0.0006254   0.03806 0.0004971  0.005462
    38/249      2.5G   0.03418 0.0004861  0.006097   0.04076        15       128     0.354   0.02982  0.002838 0.0007482    0.0396 0.0004574  0.005527
    39/249      2.5G   0.03457  0.000494  0.006026   0.04109        14       128    0.3591   0.05911  0.005305  0.001177   0.03761 0.0005014  0.005715
    40/249      2.5G   0.03422 0.0005048    0.0059   0.04063        16       128    0.3491   0.02091  0.001627 0.0003433   0.03912 0.0004618  0.005474
    41/249      2.5G   0.03324 0.0004892  0.006029   0.03976         5       128    0.3549   0.03086  0.004169  0.001009   0.03838  0.000478  0.005467
    42/249      2.5G   0.03354 0.0004893  0.006126   0.04015         7       128    0.3569   0.04545  0.003921 0.0007562   0.03706 0.0004994   0.00554
    43/249      2.5G    0.0331 0.0004638  0.006031   0.03959        14       128    0.3676   0.02801  0.003847 0.0008418   0.03862 0.0004766   0.00554
    44/249      2.5G   0.03284  0.000472  0.005935   0.03924        14       128    0.3685   0.03765  0.005037   0.00126   0.03852 0.0004599  0.005432
    45/249      2.5G   0.03325  0.000455  0.005881   0.03959        11       128    0.3565    0.0459  0.005096  0.001144   0.03847 0.0004583  0.005495
    46/249      2.5G   0.03362 0.0004758  0.005983   0.04008        15       128    0.3455   0.03171  0.001568 0.0003641   0.03803 0.0004466  0.006184
    47/249      2.5G   0.03383 0.0004675  0.006053   0.04035        16       128    0.3841   0.03902  0.006249  0.001372   0.03682 0.0004862  0.005551
    48/249      2.5G   0.03279 0.0004607  0.006024   0.03927         7       128    0.3566   0.05044  0.005076  0.001189   0.03724 0.0004737  0.005585
    49/249      2.5G   0.03239 0.0004752  0.005937    0.0388        14       128    0.3659   0.02816  0.004014 0.0008579   0.03715 0.0004889  0.005671
    50/249      2.5G   0.03241 0.0004822  0.005934   0.03883        12       128    0.3568   0.04389  0.003221 0.0008346   0.03853 0.0004598  0.005446
    51/249      2.5G   0.03223 0.0005082  0.005881   0.03862        18       128    0.3637   0.04257  0.005917  0.001435   0.03694   0.00048  0.005485
    52/249      2.5G   0.03196 0.0004758  0.005918   0.03835         4       128    0.3637     0.038  0.003646  0.000775   0.03828 0.0004608  0.005538
    53/249      2.5G   0.03198 0.0004487  0.005861   0.03829         3       128    0.3666   0.03772  0.005601  0.001427   0.03708 0.0004637  0.005582
    54/249      2.5G    0.0317 0.0004964  0.005984   0.03818         6       128    0.3627   0.04613   0.00552  0.001093   0.03587 0.0004992  0.005574
    55/249      2.5G   0.03189 0.0004679  0.005916   0.03827        14       128    0.3627   0.04774  0.004835  0.001044   0.03609 0.0004852  0.005561
    56/249      2.5G   0.03161 0.0004748  0.006003   0.03809         8       128    0.3675   0.05417  0.009505  0.002942   0.03759 0.0004486  0.005455
    57/249      2.5G   0.03083 0.0004828  0.005951   0.03727         1       128    0.3529   0.03272  0.003926 0.0009306   0.03898  0.000466  0.005419
    58/249      2.5G   0.03165 0.0004711  0.005891   0.03801        11       128    0.3675   0.04301  0.007749   0.00187    0.0401 0.0003868  0.006677
    59/249      2.5G   0.03141 0.0004652  0.005896   0.03777        22       128    0.3832   0.03483   0.00761  0.001852   0.03916 0.0004252   0.00547
    60/249      2.5G   0.03165 0.0004662  0.005941   0.03806        16       128    0.3921   0.03369   0.00781  0.002001   0.03697 0.0004702  0.005603
    61/249      2.5G   0.03157 0.0004691  0.005807   0.03785        16       128    0.3723   0.04805  0.007741  0.002491   0.03739 0.0004499  0.005301
    62/249      2.5G   0.03164 0.0004454  0.005851   0.03793        10       128    0.3683   0.04278  0.005878  0.001445   0.03766 0.0004729  0.005434
    63/249      2.5G   0.03173 0.0004509  0.005835   0.03802        18       128    0.3613   0.04594  0.006045  0.002092   0.03717  0.000454  0.005423
    64/249      2.5G   0.03215 0.0004585   0.00595   0.03856         5       128    0.3701   0.05461   0.01105  0.002917   0.03876 0.0004465  0.005274
    65/249      2.5G   0.03161 0.0004895  0.005818   0.03792        22       128    0.3882   0.04432   0.01085   0.00254   0.03761 0.0004472  0.005403
    66/249      2.5G   0.03062 0.0004719  0.005873   0.03696         9       128    0.3711   0.03852  0.005752  0.001249   0.03904 0.0004328  0.005407
    67/249      2.5G   0.03067 0.0004693  0.005751   0.03689         4       128    0.3842   0.05858   0.01248  0.003143   0.03688 0.0004594  0.005447
    68/249      2.5G   0.03117 0.0004392  0.005895   0.03751        13       128    0.3939   0.04765   0.01183  0.003963   0.03566 0.0004675  0.005535
    69/249      2.5G   0.03102 0.0004523  0.005837   0.03731        12       128    0.3823   0.06596    0.0113   0.00266   0.03698 0.0004493  0.005582
    70/249      2.5G   0.02984 0.0004484  0.005872   0.03616        17       128    0.3658   0.04453  0.006975  0.001783    0.0384 0.0004413  0.005313
    71/249      2.5G   0.03055 0.0004535  0.005794    0.0368         4       128    0.4054   0.06398   0.01533  0.004432   0.03603 0.0004707  0.005457
    72/249      2.5G   0.03017 0.0004746  0.005889   0.03654         8       128    0.4054   0.05988   0.01435  0.003923   0.03591 0.0004853  0.005409
    73/249      2.5G   0.02999 0.0004651   0.00576   0.03622         9       128    0.4126   0.05722   0.01767  0.004613   0.03588 0.0004578  0.005473
    74/249      2.5G   0.03014 0.0004795  0.005939   0.03656        13       128    0.4064   0.06682   0.01625  0.004122   0.03496 0.0004768  0.005883
    75/249      2.5G    0.0298 0.0004692  0.005701   0.03597        12       128    0.3827   0.06705   0.01151   0.00297   0.03493 0.0004476  0.005647
    76/249      2.5G   0.02946 0.0004599  0.005824   0.03574        16       128    0.3946   0.05726   0.01416  0.004331   0.03524 0.0004521  0.005628
    77/249      2.5G   0.02978 0.0004448  0.005761   0.03599        13       128    0.3852   0.06149   0.01089  0.002599   0.03623 0.0004463  0.005294
    78/249      2.5G   0.02996 0.0004497  0.005776   0.03619         5       128    0.4059   0.06832   0.01474  0.003832   0.03607  0.000436   0.00543
    79/249      2.5G   0.03035 0.0004641  0.005837   0.03665        12       128   0.04668   0.05334   0.01027  0.003365   0.03776 0.0004346  0.005357
    80/249      2.5G   0.03072 0.0004553  0.005787   0.03696         7       128    0.4031   0.07104   0.01921  0.004758   0.03581 0.0004428  0.005613
    81/249      2.5G   0.02955 0.0004689  0.005871   0.03589        10       128     0.423   0.06881   0.02275  0.006071   0.03546 0.0004628  0.005511
    82/249      2.5G   0.03002 0.0004685  0.005707    0.0362        11       128    0.3955   0.05954   0.01368  0.003088   0.03604 0.0004421  0.005415
    83/249      2.5G   0.02969  0.000453  0.005801   0.03594        19       128    0.4083   0.07456   0.01992  0.005159   0.03573 0.0004255  0.005602
    84/249      2.5G   0.02971 0.0004208  0.005881   0.03601        11       128     0.412   0.08484    0.0218  0.005592   0.03639 0.0004362  0.005341
    85/249      2.5G   0.03088 0.0004263   0.00572   0.03702         5       128     0.399   0.06775   0.01531   0.00322   0.03647 0.0004241  0.005382
    86/249      2.5G   0.02976  0.000452  0.005673   0.03588         6       128    0.4103   0.06923   0.01827  0.004835   0.03501 0.0004553  0.005336
    87/249      2.5G   0.02988 0.0004385  0.005789   0.03611        16       128    0.4241   0.06705   0.02115  0.005474   0.03587 0.0004395  0.005505
    88/249      2.5G   0.02996 0.0004503  0.005735   0.03615         9       128    0.4258   0.06934   0.02318  0.005892    0.0356  0.000434  0.005371
    89/249      2.5G    0.0293  0.000445  0.005885   0.03563        15       128     0.083   0.08542   0.02447  0.006507   0.03481 0.0004466  0.005588
    90/249      2.5G   0.02925 0.0004501  0.005803    0.0355        16       128    0.0896   0.09836   0.03033  0.007053   0.03521 0.0004387  0.005458
    91/249      2.5G   0.02964 0.0004554  0.005809   0.03591        12       128   0.08926   0.07794   0.01892  0.004845   0.03585 0.0004322  0.005616
    92/249      2.5G   0.02974 0.0004327  0.005697   0.03587         9       128    0.1039    0.1002   0.03167  0.007218   0.03436 0.0004505  0.005672
    93/249      2.5G   0.02935 0.0004094  0.005783   0.03554        12       128   0.08158    0.1082   0.03058  0.007613   0.03485 0.0004465  0.005541
    94/249      2.5G   0.02874 0.0004395  0.005647   0.03483        16       128   0.08405   0.08467    0.0262  0.006473    0.0345 0.0004482  0.005536
    95/249      2.5G   0.02846 0.0004526  0.005618   0.03453        16       128   0.07486    0.1029   0.02832  0.006753   0.03457 0.0004361  0.005323
    96/249      2.5G      0.03 0.0004393  0.005769   0.03621         9       128     0.114   0.06552   0.02602  0.007141   0.03516 0.0004236   0.00544
    97/249      2.5G   0.02954 0.0004553  0.005703    0.0357        23       128    0.4348   0.06906   0.02525  0.006915   0.03461 0.0004356  0.005628
    98/249      2.5G   0.02894 0.0004316  0.005715   0.03509         2       128   0.08596   0.07755   0.02225  0.005551   0.03498 0.0004299  0.005583
    99/249      2.5G   0.02823 0.0004369   0.00575   0.03442         8       128    0.0926   0.06444   0.02056  0.005114   0.03474 0.0004298  0.005522
   100/249      2.5G   0.02845  0.000433  0.005617    0.0345         9       128    0.4471   0.08222   0.03044  0.008645   0.03452 0.0004434  0.005158
   101/249      2.5G   0.02876 0.0004271  0.005627   0.03481        17       128    0.0957   0.09306   0.02916  0.008114   0.03377 0.0004659  0.005303
   102/249      2.5G   0.02873  0.000433  0.005774   0.03494         6       128    0.4458   0.09852    0.0363  0.008997    0.0344 0.0004354  0.005487
   103/249      2.5G   0.02828 0.0004283  0.005631   0.03434        15       128    0.4353    0.0837   0.03231  0.008759   0.03376 0.0004536  0.005534
   104/249      2.5G    0.0291 0.0004297   0.00565   0.03518        14       128    0.1274   0.09245   0.03832  0.009704    0.0338 0.0004357  0.005429
   105/249      2.5G   0.02828 0.0004532  0.005711   0.03444         4       128    0.1134   0.08108   0.03131  0.008174   0.03445 0.0004321  0.005324
   106/249      2.5G   0.02775 0.0004389  0.005593   0.03378         8       128    0.4634   0.08091    0.0343   0.01045    0.0344 0.0004291  0.005283
   107/249      2.5G   0.02808 0.0004484  0.005638   0.03416         8       128   0.08704   0.08253   0.02593  0.007339   0.03395 0.0004371  0.005514
   108/249      2.5G   0.02798 0.0004239  0.005488   0.03389         7       128   0.09729   0.09491   0.03215  0.008345   0.03455 0.0004179  0.005295
   109/249      2.5G   0.02831 0.0004467  0.005606   0.03437         7       128    0.4567   0.07457   0.02928   0.00778   0.03519 0.0004142  0.005484
   110/249      2.5G   0.02837 0.0004301  0.005585   0.03439        16       128   0.09817   0.08902   0.02604  0.007687   0.03439 0.0004261  0.005504
   111/249      2.5G   0.02708 0.0004552  0.005689   0.03323         9       128    0.1345   0.09858   0.03219  0.009856   0.03479 0.0004127  0.005539
   112/249      2.5G   0.02862 0.0004433  0.005504   0.03457        14       128   0.09714    0.1074    0.0323    0.0087   0.03463  0.000422  0.005344
   113/249      2.5G   0.02873 0.0004085  0.005779   0.03492        20       128    0.1129    0.1292   0.03963   0.01092   0.03446 0.0004177  0.005542
   114/249      2.5G   0.02735 0.0004414  0.005614    0.0334        19       128   0.09828    0.1144    0.0347   0.00965   0.03456 0.0004187  0.005329
   115/249      2.5G   0.02738 0.0004355   0.00558    0.0334        14       128     0.142   0.09755   0.03509  0.009863   0.03315 0.0004386  0.005205
   116/249      2.5G   0.02836 0.0004462  0.005494    0.0343        18       128   0.09834   0.09872   0.03019  0.008749    0.0345 0.0004252  0.005323
   117/249      2.5G   0.02807 0.0004299  0.005595   0.03409         2       128    0.1313   0.08223   0.03034  0.008679   0.03404 0.0004287  0.005482
   118/249      2.5G    0.0274 0.0004443  0.005711   0.03355        10       128    0.1019   0.09407   0.03275  0.009547   0.03403 0.0004197  0.005565
   119/249      2.5G   0.02792 0.0004266  0.005513   0.03386         8       128    0.1007    0.1051   0.03493  0.009758    0.0349 0.0004145  0.005485
   120/249      2.5G   0.02713 0.0004596  0.005659   0.03325         8       128     0.105    0.1065   0.03811   0.01144   0.03447 0.0004205  0.005204
   121/249      2.5G   0.02749 0.0004583    0.0056   0.03354         6       128    0.1613   0.08483   0.03837   0.01171   0.03442 0.0004301   0.00508
   122/249      2.5G   0.02695 0.0004404  0.005497   0.03289         5       128    0.1333   0.08578   0.03915   0.01172    0.0342 0.0004242  0.005239
   123/249      2.5G   0.02725  0.000429   0.00562    0.0333        14       128    0.1271    0.1093   0.03948   0.01217   0.03455 0.0004321  0.005071
   124/249      2.5G   0.02725 0.0004255  0.005598   0.03328         3       128    0.1296    0.1054   0.03686   0.01201    0.0345 0.0004304  0.005134
   125/249      2.5G   0.02706 0.0004632  0.005593   0.03311         6       128    0.1443   0.09337   0.03376   0.01007   0.03473 0.0004385  0.005425
   126/249      2.5G   0.02779 0.0004265  0.005533   0.03375        18       128    0.1867    0.1036   0.04433   0.01294   0.03462 0.0004252  0.005293
   127/249      2.5G   0.02766 0.0004282  0.005453   0.03354         8       128    0.1366    0.1121   0.04381   0.01288   0.03379  0.000439  0.005517
   128/249      2.5G   0.02694 0.0004429  0.005495   0.03288         4       128    0.1734    0.1167   0.04636   0.01338    0.0339 0.0004194  0.005257
   129/249      2.5G   0.02683 0.0004465  0.005476   0.03276        19       128    0.1665    0.0934    0.0376   0.01251   0.03431 0.0004202  0.005245
   130/249      2.5G   0.02779 0.0004508  0.005526   0.03376         9       128     0.144   0.09875   0.03892   0.01149   0.03376 0.0004326  0.005353
   131/249      2.5G    0.0272 0.0004331  0.005669    0.0333         8       128    0.1144    0.1026   0.03695   0.01134     0.033 0.0004389   0.00534
   132/249      2.5G   0.02774 0.0004362  0.005533   0.03371        16       128    0.1769    0.1102   0.04257   0.01238   0.03407 0.0004252  0.005304
   133/249      2.5G   0.02698   0.00041   0.00545   0.03284        16       128    0.1416   0.09294   0.03583    0.0099   0.03414 0.0004216  0.005469
   134/249      2.5G   0.02809 0.0004476  0.005516   0.03405        13       128    0.1797   0.09824   0.04162   0.01213   0.03355 0.0004151  0.005324
   135/249      2.5G   0.02727  0.000425  0.005499   0.03319         2       128    0.1814     0.105   0.04469   0.01397   0.03394 0.0004206  0.005278
   136/249      2.5G   0.02672 0.0004094  0.005596   0.03273         9       128     0.214    0.1078   0.04451   0.01393   0.03342 0.0004203  0.005289
   137/249      2.5G     0.027 0.0004464  0.005475   0.03292         2       128    0.2169    0.1087    0.0476   0.01418   0.03306 0.0004238  0.005297
   138/249      2.5G   0.02785 0.0004391  0.005497   0.03378        12       128    0.1564    0.1049   0.03943   0.01147   0.03313 0.0004401  0.005498
   139/249      2.5G   0.02678 0.0004447  0.005461   0.03269        15       128    0.1781    0.1168   0.04919   0.01515   0.03261 0.0004423  0.005299
   140/249      2.5G   0.02719 0.0004465   0.00541   0.03305         7       128    0.1726    0.1263   0.04928   0.01531   0.03276 0.0004336  0.005182
   141/249      2.5G   0.02707 0.0004408  0.005556   0.03307        15       128    0.1905    0.1149   0.05023   0.01466   0.03294 0.0004427  0.005261
   142/249      2.5G   0.02646 0.0004284  0.005447   0.03234        12       128    0.1447    0.1064   0.04254   0.01308   0.03304 0.0004433  0.005206
   143/249      2.5G   0.02699 0.0004395  0.005431   0.03286         9       128    0.1119    0.1306   0.04467   0.01326   0.03322 0.0004422  0.005142
   144/249      2.5G   0.02619    0.0004  0.005371   0.03196         9       128    0.1474     0.122   0.04864   0.01461   0.03293 0.0004438  0.005258
   145/249      2.5G   0.02689 0.0004284  0.005422   0.03274         3       128    0.1758    0.1135   0.04935   0.01435   0.03366 0.0004291  0.005073
   146/249      2.5G   0.02683 0.0004289  0.005576   0.03284        12       128    0.1271     0.122   0.04439   0.01296   0.03332 0.0004285  0.004951
   147/249      2.5G   0.02652 0.0004298  0.005395   0.03235        14       128    0.1324    0.1255   0.04663   0.01389   0.03292 0.0004392  0.005148
   148/249      2.5G   0.02693 0.0004442  0.005359   0.03273         7       128    0.1564    0.1024   0.04326    0.0138   0.03291 0.0004281  0.005232
   149/249      2.5G    0.0268 0.0004212  0.005404   0.03262        13       128    0.1201    0.1296   0.04466   0.01389   0.03313 0.0004236  0.005271
   150/249      2.5G   0.02713 0.0004408  0.005362   0.03293         9       128    0.1688    0.1021   0.04558   0.01305   0.03341 0.0004292  0.005355
   151/249      2.5G   0.02629 0.0004447  0.005521   0.03226        19       128    0.1826   0.09796   0.04352   0.01302   0.03224 0.0004354  0.005384
   152/249      2.5G   0.02587 0.0004551  0.005282   0.03161         8       128    0.1464    0.1052   0.04198   0.01338   0.03242 0.0004391  0.005249
   153/249      2.5G   0.02643 0.0004443  0.005342   0.03221        21       128    0.1593    0.1242   0.04843   0.01462   0.03186 0.0004402  0.005247
   154/249      2.5G   0.02665 0.0004265  0.005387   0.03246        11       128    0.1255    0.1183   0.04448   0.01408   0.03202 0.0004367   0.00519
   155/249      2.5G   0.02689 0.0004262  0.005328   0.03264         9       128    0.1363    0.1209   0.04707   0.01443   0.03205 0.0004353   0.00529
   156/249      2.5G   0.02621 0.0004115  0.005188   0.03181         0       128    0.1393    0.1293   0.04712   0.01426   0.03247 0.0004207  0.005253
   157/249      2.5G   0.02623 0.0004143  0.005349   0.03199         8       128    0.1225    0.1368   0.04384   0.01313   0.03215 0.0004329   0.00528
   158/249      2.5G   0.02645 0.0004227  0.005238   0.03211        17       128    0.1285    0.1277    0.0429   0.01286   0.03208 0.0004335  0.005291
   159/249      2.5G   0.02599 0.0004366  0.005219   0.03165        14       128    0.1328    0.1296   0.04637   0.01405   0.03173 0.0004343  0.005304
   160/249      2.5G   0.02581 0.0004315  0.005378   0.03162         7       128    0.1812    0.1198   0.05203   0.01595   0.03195 0.0004306  0.005299
   161/249      2.5G   0.02606 0.0004285  0.005275   0.03176        19       128    0.1734    0.1204   0.04868   0.01483   0.03223 0.0004266  0.005317
   162/249      2.5G   0.02587 0.0004323  0.005303    0.0316        10       128    0.1577    0.1247   0.04758   0.01447   0.03276   0.00043  0.005233
   163/249      2.5G   0.02553 0.0004476  0.005298   0.03127        25       128    0.1595    0.1224   0.04983   0.01485   0.03296 0.0004316  0.005216
   164/249      2.5G   0.02572 0.0004437  0.005453   0.03161        23       128    0.1448    0.1307   0.04903    0.0152   0.03322 0.0004184  0.005208
   165/249      2.5G   0.02594  0.000421  0.005227   0.03159         5       128    0.1476     0.138   0.05065   0.01518   0.03289 0.0004214  0.005335
   166/249      2.5G   0.02556 0.0004248  0.005226   0.03121        23       128    0.1675    0.1334    0.0545   0.01599   0.03288 0.0004203  0.005404
   167/249      2.5G   0.02594 0.0004633  0.005268   0.03167         8       128    0.1954    0.1204   0.05719   0.01678   0.03267 0.0004172  0.005408
   168/249      2.5G   0.02546 0.0004421  0.005225   0.03112        32       128    0.1608    0.1383   0.05616   0.01629    0.0327 0.0004165  0.005385
   169/249      2.5G    0.0263 0.0004293  0.005073    0.0318         1       128    0.1624    0.1274   0.05307   0.01592   0.03287 0.0004183  0.005367
   170/249      2.5G     0.026 0.0004136  0.005295   0.03171        15       128    0.1486    0.1353   0.05345   0.01569   0.03278 0.0004172  0.005296
   171/249      2.5G   0.02573 0.0004253  0.005058   0.03121         6       128    0.1857     0.114   0.05328    0.0158    0.0324 0.0004237  0.005322
   172/249      2.5G   0.02622 0.0004309  0.005152   0.03181        10       128    0.2275    0.1087   0.05253   0.01529   0.03231 0.0004262  0.005382
   173/249      2.5G   0.02581 0.0004401  0.005263   0.03151        11       128    0.1956     0.108   0.04919   0.01471   0.03195 0.0004329  0.005407
   174/249      2.5G   0.02653 0.0004312  0.005371   0.03233         8       128     0.185    0.1145   0.04759   0.01476   0.03215 0.0004226   0.00535
   175/249      2.5G   0.02565 0.0004403  0.005225   0.03131         4       128    0.2086    0.1114   0.05126   0.01589   0.03256 0.0004172   0.00531
   176/249      2.5G   0.02535 0.0004389  0.005119   0.03091         9       128    0.2351    0.1099   0.05288   0.01615   0.03233 0.0004272  0.005276
   177/249      2.5G   0.02618 0.0004212  0.005274   0.03188         8       128     0.234     0.114   0.05663   0.01661   0.03231  0.000432  0.005216
   178/249      2.5G   0.02529 0.0004516  0.005077   0.03082        16       128    0.1814    0.1158   0.04891   0.01488    0.0319 0.0004358  0.005218
   179/249      2.5G    0.0258   0.00045  0.005157   0.03141        10       128    0.2119    0.1107   0.04881   0.01512   0.03169 0.0004349  0.005302
   180/249      2.5G   0.02489 0.0004365  0.005194   0.03052        11       128    0.1903     0.111   0.05002   0.01526   0.03197 0.0004258  0.005323
   181/249      2.5G   0.02604 0.0004248  0.005032   0.03149        13       128    0.1852    0.1093   0.04916   0.01473   0.03193 0.0004306   0.00526
   182/249      2.5G   0.02596 0.0004373   0.00528   0.03168         8       128    0.2047    0.1081   0.05191   0.01558   0.03175 0.0004329  0.005334
   183/249      2.5G   0.02525 0.0004355  0.005054   0.03074         5       128    0.1622    0.1266   0.05474   0.01663   0.03164 0.0004323  0.005352
   184/249      2.5G   0.02534 0.0004419  0.005086   0.03087         7       128     0.226    0.1054   0.05632   0.01731   0.03191 0.0004255  0.005366
   185/249      2.5G    0.0253 0.0004357  0.005176   0.03092        10       128    0.2042    0.1122   0.05585   0.01739   0.03191 0.0004284  0.005387
   186/249      2.5G   0.02572 0.0004495  0.005035   0.03121        13       128    0.1852    0.1185   0.05509   0.01698   0.03182 0.0004305  0.005402
   187/249      2.5G   0.02472 0.0004214  0.005067   0.03021        17       128    0.1949    0.1175   0.05504   0.01677   0.03187 0.0004298  0.005378
   188/249      2.5G   0.02539 0.0004442  0.004993   0.03083        20       128    0.1587     0.132   0.05582   0.01694   0.03198 0.0004278  0.005353
   189/249      2.5G   0.02581  0.000416  0.005037   0.03127         8       128     0.189    0.1209    0.0556   0.01707   0.03175 0.0004266  0.005402
   190/249      2.5G   0.02499 0.0004427  0.005053   0.03049        13       128     0.156    0.1343   0.05559    0.0174    0.0314 0.0004321  0.005407
   191/249      2.5G   0.02542  0.000436  0.005009   0.03087         4       128    0.1623    0.1407   0.05828   0.01759   0.03124 0.0004354  0.005396
   192/249      2.5G   0.02481 0.0004366  0.005167   0.03042        25       128    0.1731    0.1371   0.05794   0.01785   0.03145 0.0004317   0.00536
   193/249      2.5G   0.02551 0.0004646  0.005125    0.0311        17       128    0.1689    0.1405   0.05722    0.0174   0.03145 0.0004304  0.005403
   194/249      2.5G   0.02521 0.0004348  0.005233   0.03087        10       128    0.1799    0.1439   0.05921   0.01747   0.03155 0.0004281  0.005382
   195/249      2.5G   0.02491 0.0004475  0.004965   0.03032        27       128    0.1896    0.1394    0.0619   0.01804   0.03166 0.0004321  0.005341
   196/249      2.5G   0.02514 0.0004621  0.005128   0.03073        21       128      0.17    0.1491    0.0599   0.01805   0.03168 0.0004287  0.005308
   197/249      2.5G   0.02524 0.0004565  0.005178   0.03087         2       128    0.1728    0.1463   0.06041   0.01821   0.03183  0.000428   0.00536
   198/249      2.5G   0.02475 0.0004497  0.004882   0.03008         6       128    0.1595     0.151   0.05984   0.01747   0.03197 0.0004223  0.005391
   199/249      2.5G   0.02518 0.0004364  0.005096   0.03071        14       128    0.1847    0.1376   0.06059   0.01811   0.03207 0.0004207  0.005436
   200/249      2.5G   0.02454 0.0004264  0.004972   0.02994         9       128    0.1736    0.1398   0.05896   0.01756   0.03211 0.0004245  0.005456
   201/249      2.5G   0.02521 0.0004444  0.004957   0.03061        13       128     0.186    0.1342   0.05856   0.01755   0.03213 0.0004174  0.005474
   202/249      2.5G   0.02484 0.0004312  0.005014   0.03029         7       128    0.1698    0.1398   0.05708   0.01703   0.03214 0.0004174  0.005438
   203/249      2.5G   0.02482 0.0004444  0.004982   0.03024        16       128    0.1476    0.1522   0.05739   0.01726   0.03212 0.0004184  0.005422
   204/249      2.5G   0.02523 0.0004234  0.005059   0.03072         9       128    0.1494    0.1468   0.05758   0.01769   0.03193 0.0004184  0.005425
   205/249      2.5G   0.02494 0.0004534  0.004947   0.03034         4       128     0.147    0.1454   0.05696   0.01759   0.03173 0.0004179  0.005461
   206/249      2.5G   0.02439 0.0004622    0.0048   0.02965         3       128    0.1662    0.1336    0.0584    0.0182   0.03146 0.0004213  0.005451
   207/249      2.5G   0.02475 0.0004452  0.004989   0.03018        18       128    0.1588    0.1446   0.05948   0.01874   0.03132 0.0004207  0.005501
   208/249      2.5G   0.02414 0.0004381  0.004835   0.02942         3       128    0.1936    0.1251   0.06002   0.01893   0.03127 0.0004258  0.005555
   209/249      2.5G   0.02456 0.0004273  0.004844   0.02983        14       128    0.1568    0.1404   0.05945    0.0183   0.03125 0.0004256  0.005598
   210/249      2.5G   0.02497 0.0004571  0.004984   0.03041        15       128    0.1501    0.1429   0.05906     0.018   0.03115 0.0004247  0.005621
   211/249      2.5G   0.02446 0.0004397  0.004876   0.02977         8       128    0.1635    0.1345   0.05961   0.01812   0.03105  0.000425  0.005618
   212/249      2.5G   0.02466 0.0004383   0.00503   0.03013        13       128    0.1856    0.1286   0.06193   0.01914   0.03111 0.0004302  0.005584
   213/249      2.5G   0.02418 0.0004321  0.004964   0.02957         8       128    0.1418    0.1592   0.06202   0.01929   0.03109 0.0004305   0.00554
   214/249      2.5G   0.02467 0.0004599  0.004991   0.03013        13       128    0.2079    0.1252   0.06195   0.01953   0.03123 0.0004272  0.005532
   215/249      2.5G    0.0247 0.0004255  0.004937   0.03006        10       128    0.2007    0.1235   0.06098   0.01932    0.0314 0.0004251  0.005535
   216/249      2.5G   0.02469 0.0004483   0.00495   0.03008        14       128    0.2161    0.1159    0.0587   0.01841   0.03142 0.0004226   0.00555
   217/249      2.5G   0.02411 0.0004276  0.004918   0.02945         6       128    0.1974      0.12   0.05926   0.01861   0.03142 0.0004225  0.005549
   218/249      2.5G    0.0242 0.0004441  0.004965   0.02961        16       128    0.1707    0.1321   0.05948   0.01843   0.03134 0.0004259  0.005556
   219/249      2.5G   0.02469 0.0004335  0.004893   0.03002         7       128    0.1741    0.1292   0.05838   0.01828   0.03119 0.0004304  0.005543
   220/249      2.5G   0.02406 0.0004595   0.00499   0.02951        18       128    0.1961    0.1219   0.05766   0.01817   0.03118 0.0004305   0.00553
   221/249      2.5G    0.0242 0.0004334  0.004965    0.0296        26       128     0.204    0.1227   0.05898   0.01889   0.03121 0.0004309  0.005526
   222/249      2.5G   0.02458 0.0004234  0.005053   0.03006        13       128    0.1515    0.1511   0.05986   0.01911    0.0312 0.0004314  0.005515
   223/249      2.5G   0.02436 0.0004593  0.004852   0.02967        11       128    0.1849    0.1328    0.0609   0.01941   0.03126 0.0004298   0.00551
   224/249      2.5G   0.02404 0.0004369  0.004956   0.02943         0       128    0.1546    0.1548   0.06218   0.01967   0.03124 0.0004292  0.005541
   225/249      2.5G    0.0242  0.000426  0.004719   0.02934         4       128    0.1817    0.1321   0.06069   0.01958   0.03137 0.0004259  0.005518
   226/249      2.5G   0.02429 0.0004378  0.004998   0.02972        13       128    0.1919    0.1272   0.06065   0.01955   0.03141 0.0004245  0.005505
   227/249      2.5G   0.02405 0.0004523  0.004935   0.02944        10       128    0.1789    0.1356   0.06223   0.02022   0.03149 0.0004253  0.005501
   228/249      2.5G    0.0247 0.0004386  0.004861      0.03        11       128    0.1685    0.1418    0.0614   0.01956   0.03148 0.0004232  0.005478
   229/249      2.5G   0.02437 0.0004639  0.004676   0.02951        15       128    0.1596    0.1447   0.05923   0.01917   0.03144 0.0004262  0.005492
   230/249      2.5G   0.02425 0.0004593  0.004944   0.02966        14       128    0.1754     0.138   0.06067   0.01926   0.03145 0.0004274  0.005497
   231/249      2.5G   0.02456 0.0004544  0.004944   0.02996         8       128    0.1626    0.1503   0.06161    0.0193    0.0314 0.0004262  0.005511
   232/249      2.5G   0.02428 0.0004255  0.004909   0.02962        19       128      0.17    0.1479   0.06222   0.01956   0.03137 0.0004265  0.005514
   233/249      2.5G   0.02348 0.0004599  0.004804   0.02875         5       128     0.171    0.1531   0.06248   0.01954   0.03137 0.0004248   0.00552
   234/249      2.5G   0.02444 0.0004641  0.004822   0.02972        22       128    0.1764    0.1466   0.06221   0.01968   0.03136 0.0004252  0.005545
   235/249      2.5G   0.02369 0.0004562  0.004744   0.02889        17       128    0.1674    0.1518   0.06154   0.01963   0.03133 0.0004238  0.005552
   236/249      2.5G   0.02372 0.0004493  0.004798   0.02897         5       128    0.1759    0.1467   0.06169   0.02003   0.03129 0.0004231  0.005571
   237/249      2.5G   0.02398 0.0004328  0.004755   0.02916         5       128    0.1779    0.1485   0.06308   0.02028   0.03125 0.0004212  0.005585
   238/249      2.5G   0.02382 0.0004672  0.004927   0.02922         3       128    0.1848     0.147   0.06257   0.02016   0.03116 0.0004223  0.005613
   239/249      2.5G    0.0237  0.000441  0.004673   0.02881         4       128    0.1885    0.1457   0.06387    0.0206    0.0311 0.0004233  0.005623
   240/249      2.5G   0.02413 0.0004342  0.004773   0.02934        12       128    0.1944    0.1448   0.06471   0.02091   0.03108 0.0004232  0.005628
   241/249      2.5G   0.02396 0.0004641  0.004996   0.02942        14       128    0.1953    0.1474   0.06622   0.02134   0.03103 0.0004257  0.005639
   242/249      2.5G   0.02423 0.0004454  0.004899   0.02958         5       128    0.1954    0.1468   0.06549   0.02097   0.03093 0.0004237  0.005627
   243/249      2.5G   0.02465 0.0004564  0.004796    0.0299        14       128    0.1916    0.1418   0.06348   0.02077   0.03087 0.0004253  0.005645
   244/249      2.5G   0.02429 0.0004447  0.004783   0.02951        13       128    0.1973      0.14   0.06495   0.02112   0.03094 0.0004236  0.005677
   245/249      2.5G   0.02373 0.0004445  0.004711   0.02889        13       128    0.1819    0.1507   0.06505   0.02101   0.03096 0.0004254  0.005684
   246/249      2.5G   0.02392 0.0004393  0.004709   0.02907        15       128     0.186    0.1525   0.06612   0.02124   0.03091 0.0004252  0.005673
   247/249      2.5G   0.02394 0.0004502  0.004682   0.02907        12       128    0.1824    0.1539   0.06684    0.0214   0.03085 0.0004273  0.005676
   248/249      2.5G   0.02452 0.0004487  0.004867   0.02983         9       128    0.1852    0.1521   0.06686   0.02151   0.03084 0.0004261  0.005706
   249/249      2.5G   0.02517 0.0004177  0.004712    0.0303        13       128     0.184    0.1534   0.06707   0.02138   0.03081  0.000428  0.005717
