     0/249    0.292G   0.04624 0.0007683  0.006666   0.05367       139       128         0         0         0         0   0.05246 0.0006575  0.006184
     1/249    0.619G   0.04529 0.0007421  0.006237   0.05227        91       128         0         0         0         0   0.05259 0.0006133     0.006
     2/249    0.619G   0.04685 0.0007042  0.006261   0.05381       100       128         0         0         0         0   0.05288 0.0005838   0.00594
     3/249    0.619G   0.04773 0.0006711  0.006403   0.05481        89       128         0         0         0         0   0.05267 0.0005348  0.005876
     4/249    0.619G   0.04488 0.0006363  0.006027   0.05155       102       128         0         0         0         0    0.0529 0.0004958  0.005881
     5/249    0.619G   0.04446 0.0006107  0.006008   0.05108       117       128         0         0         0         0   0.05258 0.0005008  0.005913
     6/249    0.619G   0.04385 0.0006202  0.006021   0.05049       101       128         0         0         0         0   0.05213  0.000482  0.005798
     7/249    0.619G   0.04406 0.0005602  0.005951   0.05057        91       128         0         0         0         0    0.0544 0.0003875  0.006111
     8/249    0.619G   0.04429 0.0005722  0.006252   0.05112        97       128         0         0         0         0   0.05161  0.008364  0.008171
     9/249    0.619G   0.04493 0.0005609  0.006235   0.05173       134       128         0         0         0         0   0.05327 0.0004458  0.005779
    10/249    0.619G   0.04223 0.0005614  0.006102    0.0489       112       128         0         0         0         0   0.05073 0.0005083  0.005777
    11/249    0.619G   0.04167 0.0005697  0.005967   0.04821       104       128         0         0         0         0    0.0502 0.0005335  0.005788
    12/249    0.619G   0.04133 0.0005702  0.006051   0.04795        90       128 6.447e-05 0.0008554  5.71e-07 1.275e-07   0.04996 0.0004831  0.005798
    13/249    0.619G    0.0429 0.0006014  0.006316   0.04982        96       128 7.362e-05  0.001141   9.5e-07 2.758e-07    0.0509 0.0003981  0.005958
    14/249    0.619G   0.04046 0.0005941  0.005989   0.04704       127       128 0.0001064  0.002281 2.278e-06 3.879e-07   0.04935 0.0005372  0.005785
    15/249    0.619G   0.04068 0.0005934  0.006103   0.04737       100       128 0.0002374   0.01027 1.591e-05 3.632e-06   0.04936 0.0005051  0.005811
    16/249    0.619G     0.041 0.0005961  0.006148   0.04774       108       128 0.0007839  0.004487 1.028e-05 1.247e-06   0.04911 0.0005248  0.005855
    17/249    0.619G   0.04086 0.0005736  0.006079   0.04751       109       128         0         0         0         0   0.05617 0.0002256  0.006437
    18/249    0.619G    0.0414 0.0005699   0.00604   0.04801       126       128 0.0001337  0.002851 2.462e-05 1.197e-05   0.05096 0.0002328  0.007717
    19/249    0.619G   0.03904 0.0006058  0.005971   0.04561       113       128 0.0001576   0.01369  8.56e-06 1.517e-06   0.05122 0.0004585  0.005812
    20/249    0.619G   0.03984 0.0006045  0.005982   0.04643       118       128  0.001089  0.002566  4.38e-05  7.99e-06   0.04737 0.0006341   0.00585
    21/249    0.619G   0.03985 0.0005918  0.006202   0.04664        90       128  0.001023   0.01422 6.749e-05 1.993e-05   0.04736 0.0006006  0.005875
    22/249    0.619G   0.03851 0.0006117  0.005953   0.04507       130       128  0.005698   0.02772 0.0006825 0.0001514   0.04749 0.0005789  0.005816
    23/249    0.619G   0.03982 0.0005992  0.006123   0.04654       116       128  0.002574   0.01494 0.0001324 2.681e-05   0.04759 0.0005452  0.005843
    24/249    0.619G   0.04075 0.0005982  0.006214   0.04756       109       128   0.00193   0.02599  0.000289 6.708e-05   0.04533 0.0006722  0.005815
    25/249    0.619G   0.03782 0.0006221  0.005863    0.0443       110       128  0.002001  0.007984 0.0008526 0.0002825   0.04682 0.0006586  0.005793
    26/249    0.619G   0.03777 0.0006165  0.005926   0.04432       131       128  0.001772  0.004847 0.0004067  0.000113   0.04787 0.0005506  0.005809
    27/249    0.619G   0.03783 0.0006064  0.005942   0.04438       129       128  0.002572  0.006273 0.0003215 5.237e-05   0.04692 0.0005789  0.005796
    28/249    0.619G   0.03777 0.0006054  0.005935   0.04431       114       128  0.009532   0.01814 0.0004411 7.985e-05   0.04553 0.0006351  0.005772
    29/249    0.619G   0.03723 0.0006028  0.005953   0.04378        86       128    0.3395   0.03276  0.001163 0.0002565   0.04409 0.0007277  0.005771
    30/249    0.619G   0.03642 0.0006446  0.005992   0.04305        88       128    0.3428   0.03052  0.001584 0.0003415   0.04487 0.0006912  0.005786
    31/249    0.619G   0.03642  0.000609  0.005943   0.04298        83       128    0.3415   0.03653  0.003937  0.001542   0.04392  0.000735  0.005823
    32/249    0.619G   0.03645 0.0006043  0.005995   0.04305       109       128  0.002968   0.02052   0.00037 7.248e-05   0.05045 0.0004277  0.005836
    33/249    0.619G   0.03699  0.000668  0.006077   0.04374       140       128    0.3577   0.04025  0.004438 0.0009308   0.04428 0.0006824  0.005804
    34/249    0.619G    0.0375 0.0006306  0.006008   0.04414       102       128    0.3446   0.01951 0.0009127 0.0001638   0.04581 0.0005675   0.00579
    35/249    0.619G   0.03654 0.0005937  0.005891   0.04302        88       128  0.007353    0.0158 0.0003933 6.848e-05   0.04691 0.0005173  0.005789
    36/249    0.619G   0.03585 0.0006355  0.005962   0.04245       100       128    0.3425   0.01173 0.0004111 5.049e-05   0.04487 0.0006055  0.005789
    37/249    0.619G    0.0361 0.0006236  0.005921   0.04264        87       128    0.3645   0.02603  0.002717 0.0007015   0.04476 0.0006503  0.005778
    38/249    0.619G   0.03743 0.0006562  0.006531   0.04461        92       128    0.3463   0.01259  0.001021 0.0001973   0.05121 0.0004447  0.005809
    39/249    0.619G   0.03651 0.0006102  0.006219   0.04334        87       128     0.352   0.02645  0.001995 0.0003429   0.04336 0.0006892  0.005838
    40/249    0.619G   0.03529 0.0006125  0.005959   0.04186        74       128     0.361   0.02652  0.003385 0.0006167   0.04761 0.0005713  0.005853
    41/249    0.619G   0.03497 0.0006466  0.005894   0.04151        96       128     0.382   0.03278  0.005789  0.001093   0.04558 0.0006082  0.005793
    42/249    0.619G   0.03465 0.0006429  0.005935   0.04123        97       128    0.3707   0.02413  0.003525 0.0006682   0.04418 0.0006407  0.005847
    43/249    0.619G   0.03504 0.0006211  0.005919   0.04158       104       128    0.3616   0.03232  0.004092 0.0007663   0.04349 0.0006634  0.005839
    44/249    0.619G   0.03512 0.0006305  0.005832   0.04159       132       128    0.3475   0.04012  0.001892  0.000387   0.04882 0.0005028  0.005777
    45/249    0.619G   0.03614 0.0006222  0.006167   0.04292       101       128    0.3548   0.01534  0.001341 0.0002804   0.04445 0.0006123  0.005738
    46/249    0.619G   0.03678 0.0006605   0.00633   0.04377       108       128    0.3513   0.03173   0.00264 0.0004637   0.04292 0.0006837  0.005806
    47/249    0.619G   0.03623  0.000604  0.006067    0.0429       112       128    0.3573   0.04425  0.004645 0.0009485   0.04314 0.0007058  0.005716
    48/249    0.619G   0.03613 0.0005811  0.006027   0.04274       129       128    0.3502   0.03881  0.004235  0.001543   0.04402 0.0006526  0.005763
    49/249    0.619G   0.03462 0.0005993  0.005849   0.04107        89       128    0.3834   0.03096  0.005757  0.001134   0.04324 0.0006593  0.005787
    50/249    0.619G   0.03516 0.0006272  0.006042   0.04183       103       128    0.0227   0.02871   0.00293 0.0005765   0.04522 0.0006039  0.005751
    51/249    0.619G   0.03391 0.0006188  0.005899   0.04043       127       128    0.3853   0.02776   0.00578  0.001298   0.04213  0.000679   0.00578
    52/249    0.619G   0.03414 0.0006101  0.005978   0.04073        85       128    0.3626   0.03282  0.003567 0.0007776   0.04325 0.0006519  0.005765
    53/249    0.619G   0.03365 0.0006546  0.005948   0.04025        83       128   0.03786   0.04659  0.007977   0.00151   0.04115 0.0007425  0.005762
    54/249    0.619G   0.03488  0.000609  0.005978   0.04146       101       128    0.3577   0.04128  0.004999  0.001029   0.04245 0.0006816  0.005785
    55/249    0.619G   0.03347 0.0006492  0.005875      0.04       133       128    0.3918   0.03854  0.006954  0.001369   0.04386 0.0006213   0.00572
    56/249    0.619G   0.03362 0.0006588  0.005857   0.04013       111       128   0.03519   0.03803  0.004794  0.001032   0.04171 0.0006913  0.005762
    57/249    0.619G   0.03425 0.0006283  0.006128     0.041       100       128    0.3718   0.03445  0.006008  0.001311   0.04267 0.0006833  0.005691
    58/249    0.619G   0.03354 0.0005959  0.005859   0.03999        85       128    0.3769    0.0375  0.007341  0.001658   0.04303 0.0006673  0.005706
    59/249    0.619G   0.03295 0.0006264  0.005796   0.03937        92       128    0.3818   0.04737  0.006334  0.001469   0.04296 0.0006754  0.005796
    60/249    0.619G   0.03453 0.0006208  0.005955    0.0411        95       128    0.3905   0.03906  0.009213  0.001798   0.04195 0.0006721  0.005737
    61/249    0.619G   0.03343 0.0006427  0.005829    0.0399       106       128    0.3926   0.04546  0.009111  0.002022   0.04264 0.0006521  0.005738
    62/249    0.619G   0.03549 0.0006357   0.00636   0.04249        91       128    0.3792   0.03746  0.006332  0.001436   0.04287 0.0006657  0.005726
    63/249    0.619G   0.03347 0.0006147   0.00589   0.03998       115       128    0.3794   0.05658  0.008603  0.001829   0.04174 0.0006828  0.005777
    64/249    0.619G   0.03366 0.0006443   0.00622   0.04052       101       128    0.3667   0.02934  0.003363 0.0007191    0.0444 0.0006168  0.005736
    65/249    0.619G   0.03352 0.0006081  0.005828   0.03996        67       128    0.3753   0.04723  0.007332  0.001305   0.04257   0.00064  0.005707
    66/249    0.619G   0.03422 0.0006215  0.005922   0.04076       123       128   0.02326   0.03618  0.003241 0.0005695   0.04427 0.0005734  0.005695
    67/249    0.619G   0.03336 0.0006165  0.005823    0.0398       120       128   0.05628   0.05355  0.009887  0.002167   0.04171 0.0006911    0.0057
    68/249    0.619G   0.03343 0.0006032  0.005879   0.03992        96       128    0.4402   0.04607   0.01687  0.003871   0.04143 0.0006851  0.005688
    69/249    0.619G   0.03326 0.0006516  0.005976   0.03988       132       128   0.07512   0.05739   0.01302  0.002835   0.04069 0.0007135  0.005744
    70/249    0.619G   0.03358 0.0005922  0.005789   0.03996       106       128   0.04219   0.04831  0.008889  0.001801   0.04155  0.000667  0.005629
    71/249    0.619G   0.03375 0.0006348  0.006012    0.0404       125       128    0.0651   0.05992   0.01211  0.002698   0.04117 0.0006919   0.00571
    72/249    0.619G   0.03783 0.0006187   0.00664   0.04509       107       128   0.04661   0.04851  0.007146  0.001256   0.04211 0.0006195  0.005664
    73/249    0.619G    0.0337 0.0006202  0.006109   0.04043       107       128   0.04205   0.03921  0.005356  0.001138   0.04279 0.0006515  0.005741
    74/249    0.619G   0.03341 0.0006119   0.00579   0.03981        71       128   0.07131   0.04836   0.01244  0.003197   0.04246 0.0006309  0.005642
    75/249    0.619G   0.03259 0.0006448  0.005915   0.03915       130       128     0.406   0.05335   0.01332  0.002959   0.04008  0.000733  0.005706
    76/249    0.619G   0.03293 0.0006232  0.005913   0.03947       112       128   0.06352   0.05971   0.01329  0.003078   0.04216 0.0006756  0.005888
    77/249    0.619G   0.03239 0.0006424  0.005834   0.03886        87       128   0.06496   0.04999   0.01124  0.002561    0.0425 0.0006448  0.005713
    78/249    0.619G   0.03397 0.0006346  0.005912   0.04051        77       128   0.08987   0.05881   0.01624  0.003762   0.04071 0.0007017  0.005625
    79/249    0.619G   0.03405 0.0006231  0.005936    0.0406       101       128   0.07592   0.05889   0.01643  0.003749   0.04158  0.000667  0.005722
    80/249    0.619G   0.03317 0.0006145  0.006011    0.0398        88       128     0.443   0.03759   0.01347   0.00346   0.04089 0.0006982  0.005559
    81/249    0.619G   0.03343 0.0006517  0.005921      0.04        87       128    0.4122    0.0489   0.01388  0.003244   0.04136 0.0006624  0.005685
    82/249    0.619G   0.03345 0.0006117  0.005888   0.03995        95       128   0.06089   0.06176   0.01513  0.003639   0.04032 0.0006507   0.00572
    83/249    0.619G   0.03531 0.0006025  0.006285   0.04219        97       128    0.0622   0.07838   0.01753  0.003652   0.04052 0.0006847  0.005637
    84/249    0.619G   0.03225 0.0006026    0.0058   0.03865       106       128     0.392    0.0578   0.01722   0.00354   0.04157 0.0006514  0.005506
    85/249    0.619G   0.03256 0.0006148  0.005663   0.03884        81       128   0.09058   0.05552   0.02119  0.004883   0.04021 0.0006826  0.005654
    86/249    0.619G   0.03357  0.000658  0.005855   0.04008       108       128    0.4324   0.06642   0.02265  0.004685   0.04012 0.0006735   0.00555
    87/249    0.619G   0.03467 0.0006404  0.006227   0.04154        77       128   0.06617   0.07085   0.01821  0.004155   0.04014 0.0006753  0.005598
    88/249    0.619G   0.03158 0.0006387  0.005741   0.03795        78       128    0.0659   0.05938   0.01488  0.003493   0.04025 0.0006855    0.0056
    89/249    0.619G   0.03147 0.0006468  0.005732   0.03785        76       128   0.06839   0.06948   0.01806  0.004012   0.03974 0.0006894  0.005633
    90/249    0.619G   0.03178 0.0006369  0.005733   0.03815        90       128   0.09047    0.0714   0.01947  0.004614   0.04014 0.0006751  0.005585
    91/249    0.619G   0.03424 0.0006193   0.00599   0.04085        72       128   0.08247   0.06923   0.01746  0.003747   0.04002 0.0007193  0.005583
    92/249    0.619G     0.033 0.0006293   0.00593   0.03956        65       128     0.067   0.06568   0.01496  0.002966    0.0397 0.0006872  0.005592
    93/249    0.619G   0.03176 0.0006215  0.005794   0.03817       120       128   0.07547   0.08329   0.02123  0.005212   0.03954 0.0007043  0.005616
    94/249    0.619G   0.03423 0.0006099  0.005997   0.04084       112       128   0.07664   0.06199   0.01893  0.003898   0.04004  0.000688   0.00571
    95/249    0.619G   0.03382 0.0006214  0.005726   0.04017       113       128   0.09262   0.08062   0.02395  0.004987   0.04078 0.0006562  0.005702
    96/249    0.619G   0.03336 0.0006123  0.005897   0.03987       101       128   0.06291   0.07435   0.01727  0.004195   0.03962 0.0006803    0.0057
    97/249    0.619G   0.03183 0.0006276   0.00564    0.0381       109       128   0.07815   0.07288   0.02075  0.004897   0.03927 0.0007067  0.005679
    98/249    0.619G   0.03214 0.0006577  0.005843   0.03864       126       128   0.04929   0.08898    0.0161  0.003495    0.0395 0.0006921   0.00574
    99/249    0.619G   0.03179 0.0005969  0.005722   0.03811       123       128   0.06729    0.0818   0.02124  0.005207   0.03976 0.0006844  0.005608
   100/249    0.619G   0.03168 0.0006387  0.005841   0.03816        96       128   0.08715   0.05915   0.01952  0.004478   0.03946 0.0007061  0.005524
   101/249    0.619G   0.03212 0.0006343  0.005707   0.03846       101       128   0.07661   0.07655   0.02047  0.004812   0.03974 0.0006975  0.005617
   102/249    0.619G   0.03177 0.0006239  0.005698   0.03809        77       128   0.07336   0.08632   0.02375  0.005388   0.03902 0.0007147  0.005678
   103/249    0.619G   0.03283 0.0006286  0.005962   0.03942       111       128   0.08748   0.06311   0.02064  0.005453   0.03979 0.0006877   0.00558
   104/249    0.619G   0.03166 0.0006114  0.005647   0.03792        80       128    0.0807   0.07492   0.01973  0.004186   0.04032 0.0006808  0.005574
   105/249    0.619G   0.03113 0.0006398  0.005625    0.0374       104       128   0.05955   0.08863   0.01924  0.004416   0.03861 0.0007311  0.005584
   106/249    0.619G   0.03233 0.0006594  0.005854   0.03884       135       128   0.06782   0.07798    0.0207  0.004481   0.03937 0.0006829  0.005497
   107/249    0.619G   0.03324 0.0006182  0.005835   0.03969       111       128   0.08279   0.07307   0.02163  0.004755   0.03886 0.0007115  0.005613
   108/249    0.619G   0.03214 0.0006711   0.00582   0.03863       131       128   0.07302   0.07847   0.02236  0.005392   0.03851 0.0007206  0.005615
   109/249    0.619G   0.03125 0.0006205  0.005637   0.03751       100       128   0.08825   0.07024   0.02088  0.004782   0.03921  0.000724  0.005706
   110/249    0.619G   0.03146 0.0006321  0.005624   0.03771       113       128   0.07446   0.06451   0.02085  0.004848   0.03847 0.0007149   0.00568
   111/249    0.619G   0.03238 0.0006122  0.005842   0.03883       100       128   0.06292   0.08724   0.02214  0.004765    0.0386 0.0007346  0.005629
   112/249    0.619G   0.03258 0.0006183  0.005654   0.03885        95       128   0.08604   0.08284   0.02605  0.006836   0.03856  0.000725  0.005783
   113/249    0.619G   0.03113 0.0006518  0.005616    0.0374        89       128    0.1002   0.07712   0.02806  0.006577     0.038 0.0007512  0.005565
   114/249    0.619G   0.03108 0.0006307  0.005628   0.03734        87       128   0.08242   0.07537   0.02391  0.005782   0.03927 0.0006664  0.005605
   115/249    0.619G   0.03229 0.0006529  0.005957    0.0389       102       128   0.09446   0.09385   0.02922  0.006831   0.03795 0.0007073  0.005581
   116/249    0.619G   0.03577 0.0006555  0.006302   0.04273       113       128   0.08526   0.07963   0.02361  0.005356   0.03935 0.0006937  0.005588
   117/249    0.619G   0.03254 0.0006225  0.005763   0.03892       111       128   0.09713   0.09443   0.03067  0.007544    0.0388 0.0007063  0.005519
   118/249    0.619G   0.03205  0.000627  0.005802   0.03848        81       128   0.08392   0.08583   0.02564  0.006114   0.03824 0.0007668  0.005682
   119/249    0.619G   0.03214 0.0006154  0.005843    0.0386       108       128    0.1223   0.07345    0.0288   0.00678   0.03851 0.0007125  0.005494
   120/249    0.619G   0.03238  0.000618  0.005731   0.03873        91       128   0.09891    0.0922   0.03091  0.007301   0.03816 0.0007129  0.005584
   121/249    0.619G   0.03068 0.0006373  0.005634   0.03695        72       128   0.08924    0.1062    0.0309   0.00726   0.03787 0.0007437  0.005532
   122/249    0.619G   0.03309  0.000636  0.005922   0.03965       113       128    0.1104   0.08788   0.03316  0.007598     0.038 0.0007062  0.005562
   123/249    0.619G   0.03249 0.0006104  0.005824   0.03893        99       128   0.08892    0.1052   0.03387  0.008055   0.03772 0.0007333  0.005597
   124/249    0.619G    0.0304 0.0006386   0.00558   0.03662       121       128   0.08878    0.1019   0.02951  0.007446    0.0388 0.0006789  0.005487
   125/249    0.619G   0.03086 0.0006147  0.005672   0.03714        90       128   0.08914   0.08893   0.02672  0.005835    0.0377 0.0007293  0.005407
   126/249    0.619G   0.03183 0.0006278  0.005686   0.03814       105       128   0.07058   0.08958   0.02241  0.005529   0.03803 0.0007272   0.00544
   127/249    0.619G   0.03091 0.0006327  0.005559   0.03711        86       128   0.07912   0.09836   0.02678  0.006733   0.03814 0.0007222  0.005422
   128/249    0.619G   0.03202 0.0006423  0.005799   0.03846       109       128    0.1038   0.08942   0.03076  0.007385   0.03745 0.0007387  0.005506
   129/249    0.619G   0.03436 0.0006447  0.006115   0.04112       139       128    0.1217   0.08865   0.03442  0.007711   0.03769 0.0007315  0.005388
   130/249    0.619G   0.03311 0.0006192  0.005953   0.03968        95       128    0.1168    0.1018   0.03543   0.00821   0.03781 0.0007132  0.005514
   131/249    0.619G   0.03077 0.0006387  0.005528   0.03694       121       128    0.1211   0.08273   0.02844  0.005889   0.03709 0.0007079  0.005465
   132/249    0.619G   0.03185 0.0006443  0.005756   0.03825        82       128    0.1261   0.09349   0.03589  0.008532    0.0369 0.0007392  0.005394
   133/249    0.619G   0.03018 0.0006512  0.005555   0.03638       102       128    0.1136   0.09593   0.03745  0.009178   0.03653 0.0007572  0.005377
   134/249    0.619G   0.03115  0.000636  0.005708    0.0375       112       128    0.1139    0.1041   0.03726   0.01009   0.03709 0.0007536  0.005412
   135/249    0.619G   0.03052  0.000648   0.00557   0.03674        88       128    0.1027    0.1091    0.0362  0.008688   0.03742 0.0007433  0.005343
   136/249    0.619G   0.02991 0.0006412  0.005591   0.03614        95       128    0.1355    0.1013    0.0409   0.01055   0.03741  0.000731  0.005317
   137/249    0.619G    0.0301 0.0006472  0.005595   0.03635       111       128    0.1363   0.09752   0.04118  0.009974   0.03747 0.0007451  0.005413
   138/249    0.619G   0.03094 0.0006573  0.005848   0.03745        93       128    0.4665   0.09083   0.03725  0.009516   0.03726 0.0007308  0.005313
   139/249    0.619G   0.03082 0.0006498  0.005624    0.0371        91       128    0.1127    0.1009   0.03809  0.009913   0.03704 0.0007505  0.005422
   140/249    0.619G   0.03014  0.000626  0.005535    0.0363        85       128    0.1124   0.09079   0.03706  0.009558   0.03793 0.0006969  0.005513
   141/249    0.619G    0.0326 0.0006278  0.005683   0.03891       102       128    0.1154    0.1001   0.03599  0.009147   0.03697 0.0007539  0.005517
   142/249    0.619G   0.03036 0.0006182   0.00552    0.0365        97       128    0.1289   0.09032   0.03593  0.008298   0.03725 0.0007136  0.005532
   143/249    0.619G   0.03145 0.0006203   0.00547   0.03754       100       128    0.0979    0.1033   0.03614  0.008324   0.03731 0.0007139  0.005478
   144/249    0.619G   0.02987 0.0006303  0.005493     0.036       102       128    0.0941    0.1253   0.03711  0.009473   0.03703 0.0007299  0.005467
   145/249    0.619G   0.03003 0.0006647  0.005591   0.03629       125       128    0.1254    0.1001   0.04085  0.009839   0.03718 0.0007372   0.00541
   146/249    0.619G   0.02958 0.0006213  0.005391   0.03559        94       128    0.1229    0.1062    0.0458    0.0122   0.03744 0.0007273  0.005353
   147/249    0.619G   0.02952 0.0006444  0.005438    0.0356       124       128      0.13   0.09412   0.04011  0.009836   0.03738 0.0007271  0.005443
   148/249    0.619G   0.03098 0.0006346  0.005637   0.03726        81       128    0.1708   0.08747   0.04208   0.01048   0.03743 0.0007083   0.00535
   149/249    0.619G   0.03247 0.0006282  0.005754   0.03885        85       128    0.1277   0.09414   0.04241  0.009767    0.0371 0.0007254  0.005316
   150/249    0.619G   0.03078 0.0006389  0.005647   0.03707        95       128    0.1168     0.105   0.04441   0.01022   0.03686   0.00074  0.005302
   151/249    0.619G   0.02998 0.0006505  0.005441   0.03607       119       128    0.1211    0.1015   0.04399   0.01087   0.03697 0.0007518    0.0054
   152/249    0.619G   0.03002 0.0006233  0.005521   0.03617       111       128    0.1307    0.1047   0.04509   0.01176   0.03668  0.000734   0.00529
   153/249    0.619G   0.03009  0.000687  0.005537   0.03632       115       128    0.1384    0.1035    0.0466   0.01106   0.03676 0.0007518  0.005305
   154/249    0.619G   0.03131 0.0006292   0.00567   0.03761        87       128    0.1221    0.1082   0.04609   0.01088   0.03653 0.0007325  0.005261
   155/249    0.619G   0.03332 0.0006305  0.005748    0.0397        91       128    0.1224    0.1039   0.04366   0.01014   0.03651 0.0007492   0.00533
   156/249    0.619G   0.03137 0.0006264  0.005718   0.03772       108       128    0.1224     0.103   0.04163   0.01003   0.03635 0.0007435  0.005426
   157/249    0.619G   0.02971 0.0006452  0.005476   0.03583        90       128    0.1208    0.1056   0.04492   0.01094   0.03645 0.0007416  0.005366
   158/249    0.619G   0.03109 0.0006347  0.005558   0.03728       111       128   0.09935     0.107   0.04069   0.01002   0.03643 0.0007369   0.00539
   159/249    0.619G     0.033 0.0006255  0.005693   0.03932        76       128    0.1371   0.09715   0.04626   0.01102   0.03632 0.0007465  0.005361
   160/249    0.619G   0.03111 0.0006246  0.005324   0.03706       141       128    0.1338   0.09418   0.04308   0.01112   0.03638 0.0007592  0.005346
   161/249    0.619G   0.03101 0.0006195  0.005504   0.03714        93       128    0.1202    0.1079   0.04516   0.01173   0.03637 0.0007466  0.005311
   162/249    0.619G   0.03088 0.0006403  0.005552   0.03707       134       128    0.1161    0.1031   0.04387    0.0115   0.03664 0.0007286   0.00527
   163/249    0.619G    0.0294 0.0006444  0.005429   0.03548       130       128    0.1355    0.1008   0.04592   0.01129   0.03602 0.0007648  0.005297
   164/249    0.619G   0.03087 0.0006429  0.005529   0.03704       101       128    0.1251    0.1033   0.04416   0.01175   0.03647 0.0007567  0.005253
   165/249    0.619G   0.02944  0.000632  0.005371   0.03544       113       128    0.1261    0.1106    0.0501   0.01332   0.03685 0.0007331  0.005289
   166/249    0.619G   0.03054 0.0006606  0.005526   0.03673       113       128    0.1409    0.1019   0.04875    0.0127   0.03688 0.0007359   0.00529
   167/249    0.619G   0.02928 0.0006231  0.005394    0.0353       133       128    0.1204    0.1178     0.048   0.01303   0.03669 0.0007425  0.005399
   168/249    0.619G   0.03046 0.0006481  0.005644   0.03675       113       128    0.1275     0.113   0.04771   0.01323   0.03656 0.0007449  0.005411
   169/249    0.619G   0.02946 0.0006514  0.005451   0.03556        77       128    0.1293     0.121   0.04939   0.01323   0.03632 0.0007294  0.005371
   170/249    0.619G   0.02915 0.0006411  0.005245   0.03504        97       128    0.1258     0.119   0.05042   0.01276   0.03653 0.0007207  0.005446
   171/249    0.619G   0.03088 0.0006732  0.005605   0.03716       122       128    0.1307    0.1127   0.05346   0.01336   0.03642  0.000732  0.005371
   172/249    0.619G   0.02934 0.0006251  0.005491   0.03546        94       128    0.1205    0.1155   0.05212   0.01238   0.03631 0.0007342  0.005405
   173/249    0.619G     0.029 0.0006349  0.005362   0.03499        75       128      0.12    0.1264   0.05269   0.01296   0.03635  0.000739  0.005456
   174/249    0.619G   0.03111 0.0006688  0.005824    0.0376       112       128    0.1246    0.1158   0.04997   0.01306   0.03636  0.000728  0.005446
   175/249    0.619G   0.02919  0.000639   0.00537    0.0352       114       128    0.1475    0.1045   0.05359   0.01316   0.03643 0.0007217  0.005348
   176/249    0.619G   0.03046 0.0006453  0.005738   0.03684       107       128    0.1407    0.1106   0.05471   0.01366   0.03657 0.0007347  0.005407
   177/249    0.619G      0.03 0.0006846  0.005515    0.0362        85       128    0.1464    0.1115   0.05087   0.01321   0.03663 0.0007286   0.00539
   178/249    0.619G   0.03027 0.0006344   0.00559    0.0365       100       128    0.1487    0.1107   0.04969   0.01265   0.03647  0.000727  0.005387
   179/249    0.619G   0.02994 0.0006751  0.005454   0.03607        98       128    0.1374    0.1217   0.05392   0.01394   0.03631 0.0007269  0.005352
   180/249    0.619G   0.02989  0.000703  0.005555   0.03615       106       128    0.1484    0.1148   0.05499   0.01454   0.03619 0.0007236  0.005319
   181/249    0.619G   0.03024 0.0006628  0.005385   0.03629       133       128    0.1309    0.1172   0.05349   0.01382   0.03599 0.0007363  0.005336
   182/249    0.619G   0.02906 0.0006533  0.005362   0.03508        93       128    0.1627    0.1015    0.0513   0.01416     0.036 0.0007502   0.00532
   183/249    0.619G   0.03096 0.0006682  0.005601   0.03723        97       128    0.1203    0.1231   0.05114   0.01378   0.03612 0.0007446  0.005303
   184/249    0.619G   0.02889 0.0006694  0.005226   0.03479       121       128    0.1161    0.1213   0.05132   0.01394   0.03618  0.000736  0.005325
   185/249    0.619G   0.02894 0.0006316  0.005238   0.03481       124       128    0.1289    0.1218   0.05409   0.01403   0.03611  0.000741  0.005335
   186/249    0.619G   0.03009 0.0006628   0.00531   0.03606       120       128    0.1422    0.1068   0.05242   0.01344   0.03599 0.0007423  0.005368
   187/249    0.619G   0.02854 0.0006574  0.005371   0.03456        95       128    0.1336    0.1108   0.05055   0.01309   0.03592 0.0007372  0.005358
   188/249    0.619G   0.03152 0.0006326  0.005483   0.03764       104       128     0.147    0.1038    0.0513   0.01353   0.03581 0.0007348  0.005321
   189/249    0.619G     0.031 0.0006373  0.005616   0.03725       108       128    0.1443    0.1085   0.05597   0.01405    0.0359 0.0007349  0.005264
   190/249    0.619G   0.02844 0.0006465  0.005416   0.03451       135       128    0.1269   0.09903   0.04765   0.01279    0.0359 0.0007382  0.005285
   191/249    0.619G   0.03027 0.0006338   0.00546   0.03636        93       128    0.1082    0.1171    0.0498   0.01311   0.03589 0.0007361  0.005274
   192/249    0.619G   0.03151 0.0006528  0.005625   0.03779        85       128    0.1411   0.09946   0.05098    0.0133   0.03588 0.0007424  0.005319
   193/249    0.619G   0.03033 0.0006209  0.005458   0.03641        98       128    0.1511    0.1021   0.05301   0.01328     0.036 0.0007363  0.005346
   194/249    0.619G   0.03051 0.0006419  0.005577   0.03673        94       128    0.1649   0.09847   0.05319   0.01348   0.03608 0.0007394  0.005359
   195/249    0.619G   0.02971 0.0006416   0.00545    0.0358        77       128    0.1605    0.1054   0.05608   0.01352     0.036  0.000737  0.005325
   196/249    0.619G   0.03007 0.0006442  0.005254   0.03597       123       128    0.1639    0.1017   0.05504   0.01367   0.03598 0.0007414  0.005316
   197/249    0.619G   0.02987  0.000626  0.005471   0.03597       117       128     0.155    0.1008   0.05297   0.01303   0.03585 0.0007445  0.005295
   198/249    0.619G   0.03104 0.0006728  0.005536   0.03725       129       128    0.1519    0.1045   0.05284   0.01258   0.03587 0.0007356  0.005278
   199/249    0.619G    0.0286 0.0006431  0.005203   0.03445        77       128    0.1678    0.1032   0.05498    0.0127   0.03592 0.0007339    0.0053
   200/249    0.619G   0.03107 0.0006236  0.005485   0.03718       106       128    0.1398    0.1163   0.05382   0.01281   0.03604 0.0007326  0.005302
   201/249    0.619G   0.02778 0.0006693  0.005373   0.03382        68       128    0.1467    0.1122   0.05594   0.01318   0.03583 0.0007385  0.005303
   202/249    0.619G   0.02812 0.0006745  0.005274   0.03407       145       128    0.1399    0.1136   0.05374   0.01299   0.03589 0.0007299  0.005311
   203/249    0.619G   0.02927 0.0006306  0.005514   0.03542       132       128    0.1428    0.1075   0.05431   0.01324   0.03585 0.0007306  0.005271
   204/249    0.619G   0.03003 0.0006372  0.005469   0.03614        90       128      0.17    0.1018    0.0559   0.01408   0.03585  0.000732  0.005265
   205/249    0.619G    0.0309 0.0006271  0.005454   0.03698       126       128    0.1449    0.1185   0.05725   0.01438   0.03581 0.0007354  0.005275
   206/249    0.619G   0.02852 0.0006619  0.005181   0.03436       114       128    0.1265    0.1245   0.05366   0.01381   0.03584  0.000731  0.005269
   207/249    0.619G   0.03056 0.0006483  0.005645   0.03685       132       128    0.1362    0.1201    0.0565   0.01406   0.03583 0.0007275  0.005271
   208/249    0.619G   0.02843 0.0006535  0.005293   0.03437        97       128    0.1392    0.1271   0.05642   0.01446   0.03573 0.0007305   0.00527
   209/249    0.619G   0.03191 0.0006457  0.005523   0.03808        79       128     0.133    0.1396   0.05506   0.01474   0.03581 0.0007271   0.00524
   210/249    0.619G   0.02948 0.0006687  0.005453    0.0356       108       128    0.1389    0.1417   0.05844   0.01543   0.03582 0.0007298  0.005251
   211/249    0.619G   0.02793  0.000661  0.005059   0.03365       135       128    0.1423      0.14   0.05878   0.01587   0.03567 0.0007327  0.005288
   212/249    0.619G   0.02982   0.00062  0.005274   0.03571       104       128    0.1362    0.1413   0.05656   0.01522    0.0357 0.0007383  0.005276
   213/249    0.619G   0.03043 0.0006586  0.005736   0.03683        98       128     0.137    0.1434   0.05877   0.01539   0.03572 0.0007322  0.005291
   214/249    0.619G   0.02996 0.0006109  0.005209   0.03578        80       128    0.1451    0.1352   0.05796   0.01463   0.03571 0.0007334  0.005314
   215/249    0.619G   0.02787 0.0006794  0.005198   0.03375       115       128    0.1303    0.1429   0.05622   0.01428   0.03579 0.0007264  0.005328
   216/249    0.619G   0.02797 0.0006869  0.005241    0.0339       109       128    0.1523     0.111   0.05693   0.01427   0.03577 0.0007216  0.005322
   217/249    0.619G   0.02904 0.0006486  0.005406   0.03509       117       128    0.1381    0.1346   0.05588   0.01393   0.03571 0.0007238  0.005318
   218/249    0.619G    0.0282 0.0006659  0.005254   0.03412        70       128    0.1402    0.1296     0.054   0.01381    0.0356 0.0007312  0.005286
   219/249    0.619G   0.02798 0.0006579   0.00515   0.03379       127       128    0.1468    0.1183   0.05681    0.0143   0.03556 0.0007333  0.005262
   220/249    0.619G   0.02882 0.0006565   0.00533    0.0348        58       128    0.1486     0.125   0.05652   0.01435   0.03553 0.0007354  0.005262
   221/249    0.619G   0.02807 0.0006602  0.005222   0.03395       114       128    0.1415     0.131   0.05787   0.01485   0.03545 0.0007401  0.005266
   222/249    0.619G   0.02941 0.0006308  0.005287   0.03533       119       128     0.145    0.1167   0.05603   0.01438   0.03553 0.0007387  0.005236
   223/249    0.619G   0.02775   0.00062   0.00519   0.03356        96       128    0.1439    0.1166   0.05648   0.01454   0.03548  0.000741  0.005237
   224/249    0.619G   0.03019 0.0006525  0.005352    0.0362        75       128    0.1556    0.1312   0.05946   0.01503   0.03548 0.0007388  0.005246
   225/249    0.619G   0.02767 0.0006574    0.0052   0.03353       133       128    0.1652    0.1271   0.06027   0.01506   0.03541 0.0007441  0.005279
   226/249    0.619G   0.02846 0.0006313  0.005143   0.03423       107       128    0.1855    0.1207   0.06017    0.0159   0.03541 0.0007403  0.005282
   227/249    0.619G   0.02808 0.0006647   0.00524   0.03398       112       128    0.1865    0.1201   0.06097   0.01579   0.03542 0.0007394   0.00528
   228/249    0.619G   0.02791 0.0006489  0.005104   0.03366       105       128    0.1805    0.1243   0.06202   0.01597    0.0354 0.0007415  0.005316
   229/249    0.619G   0.02999 0.0006415  0.005412   0.03604       126       128    0.1781    0.1254   0.06144   0.01596   0.03533 0.0007463  0.005329
   230/249    0.619G   0.02904 0.0006323  0.005136   0.03481       115       128    0.1829    0.1255   0.06334   0.01607   0.03538 0.0007417  0.005325
   231/249    0.619G   0.02849 0.0006248  0.005057   0.03418        99       128    0.1776    0.1245   0.06309   0.01585   0.03535 0.0007396   0.00532
   232/249    0.619G    0.0279 0.0006585  0.005054   0.03361       110       128    0.1714    0.1244   0.06221   0.01607   0.03534 0.0007433  0.005331
   233/249    0.619G   0.02749 0.0006453  0.005076   0.03322       136       128     0.177     0.122   0.06245   0.01594   0.03531 0.0007447  0.005319
   234/249    0.619G   0.02761 0.0006673  0.004974   0.03325       104       128    0.1742    0.1254    0.0628   0.01561   0.03531 0.0007438  0.005311
   235/249    0.619G   0.02877 0.0006125  0.005119    0.0345        77       128    0.1777    0.1228   0.06255   0.01536   0.03525 0.0007447  0.005316
   236/249    0.619G   0.02913 0.0006341  0.005231   0.03499        90       128    0.1393    0.1515   0.06249   0.01568   0.03525 0.0007457   0.00533
   237/249    0.619G   0.02773 0.0006701  0.005113   0.03352       150       128    0.1703    0.1249     0.062   0.01602   0.03521 0.0007458  0.005336
   238/249    0.619G   0.02946 0.0006377  0.005334   0.03543       112       128    0.1896    0.1225   0.06512   0.01645   0.03522 0.0007427  0.005324
   239/249    0.619G   0.02974 0.0006246  0.005366   0.03573       102       128    0.1961    0.1214   0.06499    0.0166   0.03518 0.0007442  0.005333
   240/249    0.619G   0.02893  0.000632  0.005199   0.03476       120       128    0.1963    0.1226    0.0657   0.01667   0.03517  0.000744  0.005328
   241/249    0.619G   0.02761 0.0006576  0.005157   0.03342       129       128    0.1815    0.1305   0.06743   0.01687   0.03527 0.0007428  0.005322
   242/249    0.619G    0.0276 0.0006466  0.005077   0.03332        78       128    0.1876    0.1288   0.06642   0.01693   0.03527 0.0007443  0.005327
   243/249    0.619G   0.02737 0.0006641  0.005121   0.03316        97       128    0.1842    0.1278    0.0663   0.01707   0.03529 0.0007435  0.005311
   244/249    0.619G   0.02887 0.0006734  0.005268   0.03481        79       128    0.1816    0.1242   0.06514   0.01662   0.03531 0.0007415  0.005316
   245/249    0.619G   0.02774 0.0006472  0.005062   0.03345        80       128    0.1841    0.1278   0.06708   0.01691   0.03531 0.0007393  0.005306
   246/249    0.619G   0.03088 0.0006466  0.005521   0.03705        85       128    0.1811    0.1261   0.06498   0.01665   0.03531  0.000741  0.005307
   247/249    0.619G    0.0277 0.0006476  0.005064   0.03341        82       128    0.1866    0.1276   0.06782   0.01696   0.03532 0.0007445  0.005306
   248/249    0.619G    0.0292 0.0006437  0.005204   0.03505       114       128    0.1869    0.1245   0.06682   0.01686   0.03533 0.0007451  0.005321
   249/249    0.619G   0.03027 0.0006425  0.005315   0.03623       143       128    0.1803    0.1262   0.06753   0.01707   0.03531 0.0007426  0.005312
